scene_id,im_id,obj_id,score,R,t,time
1,451,5,1.0,-0.6370884426721609 -0.38989975054875836 -0.6649033769921586 0.7706893402970657 -0.3362144975895702 -0.5412926679376566 -0.012500278638262863 -0.8572852478216386 0.5146899522055552,-120.14947229127242 122.06551741566406 834.6513505101785,0.2
1,451,5,0.9980351734245236,0.7331544820719552 -0.49594622033319397 0.4653190861710081 0.6743776417479284 0.44191206064025945 -0.5915475694913997 0.08774566501147446 0.7474965399236967 0.6584448504421577,-118.37557955617157 -163.96528702329488 1606.8074230483078,0.2
1,451,5,0.9975468978993648,0.609063165979902 0.7737757115181081 -0.17410688702973115 0.27555972527561434 -0.41229493447110055 -0.8683776395183714 -0.7437129134636333 0.48091998843270833 -0.46433508059731765,186.75470539430148 16.82773677623756 1264.6104089422606,0.2
1,451,5,0.9970127015144112,-0.20793051123239026 0.6965439432194878 0.686725154383385 -0.5170382776480709 -0.6742385446463572 0.5273270373875006 0.8303230226516385 -0.24541581056934614 0.5003346459892996,-50.64694340284416 0.3949741273459715 729.4134353241434,0.2
1,451,5,0.9596211529066928,-0.07302834186212315 -0.8940233312479396 -0.44202844305452305 0.9318569132802023 0.0967732142871731 -0.34968219595573147 0.3554005549471788 -0.4374439714761945 0.8260346344811285,40.220084487127004 91.64546912237108 794.3931283012662,0.2
1,451,5,0.2823586956521739,-0.11997024584910743 0.7799693108024683 0.6142108874948632 -0.39906476437448957 -0.6043830441364538 0.6895422030558294 0.9090404028125693 -0.16238537547044057 0.38376625162680233,-8.60319723132869 -1.4996541028892096 633.7304571539242,0.2
1,451,5,0.051912677088422,-0.7694737328406253 0.29926336170437157 0.5642265633676887 -0.577783791693623 -0.7026410096045749 -0.4152848440263667 0.27216918364218634 -0.6455517422819507 0.7135733203478695,156.3169196771615 -111.78036889657756 1206.1900401388664,0.2
1,451,5,0.0103932736932095,-0.34778893803552824 0.507867908624229 0.7881072528341375 -0.8440546640976281 0.19635797279228318 -0.49901429892934435 -0.4081844908802388 -0.8387572556530026 0.360377146187551,-233.1960782167963 -147.39408494053038 1208.1129628352203,0.2
1,451,5,0.0102459773448949,0.33552715430055613 0.8066503592360112 -0.48655598513571313 0.3070464787657589 -0.5819367318016186 -0.7530418979430025 -0.8905863173238846 0.10327070312757985 -0.442934728002915,3.2308196161915177 -25.336445373246093 257.6141498243773,0.2
1,451,5,0.0098945178920371,-0.040722082755587974 0.2324518005067991 0.9717550475388301 -0.8905971170610683 -0.449347778228703 0.07016658238394036 0.4529663200046565 -0.8625849144531079 0.2253192807980784,-784.464968984275 -479.97426429389384 4120.313436406191,0.2
1,451,5,0.0093145762090864,-0.9099093464518961 0.12316691510682873 -0.39609959891743196 -0.39698229246257877 0.01834954242631337 0.9176428247220707 0.1202914822863149 0.9922163097408814 0.03219866415783479,-81.97373286884924 -2.6562928106088775 455.40276713489317,0.2
1,452,5,1.0,-0.6315926168561294 -0.4654105898309029 -0.6200675360040045 0.26567346555812177 -0.881276412122237 0.3908573846498167 -0.7283600593327203 0.08212714721825112 0.6802549196136898,62.28440480654149 18.804215000494104 690.700929524014,0.2
1,452,5,0.9989405347688576,-0.4064040268838569 -0.5459770794493992 -0.7326286887970533 0.8154149551497742 0.1450367758860454 -0.5604130481695373 0.41223078226968524 -0.8251505089112441 0.38625434598569613,-0.6130619192179818 26.676328717150007 506.2456025903471,0.2
1,452,5,0.9834684871314748,0.44940898830310605 0.8892498888436442 0.08524198744717881 -0.29457449894076165 0.05743267515664463 0.9539011229672344 0.8433607921916799 -0.4538018543548691 0.2877611008769331,-101.12702177507693 -12.393007017453325 586.9159242550319,0.2
1,452,5,0.9715994020926756,0.5714424638702511 -0.8102721325158192 -0.1300483823588863 0.5435939189636537 0.4924595629988876 -0.6796978961837978 0.6147838333525313 0.31771473066134504 0.7218713099778626,-1.7270200404552494 89.44281660152348 1053.9559256422021,0.2
1,452,5,0.8350684455531985,-0.440835973134773 0.6134745082293844 0.6552195605619786 -0.4152841989272913 -0.7865500353568136 0.4570318107107133 0.79574033384744 -0.0706262673012685 0.6015058199680645,-48.55695123528183 -24.290163135283883 419.85553813284645,0.2
1,452,5,0.4677621956843506,0.45840764304418075 -0.19224063962667384 -0.867701543893179 0.1385909591540723 0.9798441062904552 -0.14386825017568622 0.8778695682386042 -0.0543052837556982 0.4758108419495923,-6.395798775637498 21.707646955966954 465.7452484156317,0.2
1,452,5,0.4232134151429839,0.7084981178133498 0.360849911167078 0.6064798089513391 -0.6892604456664788 0.5383113897827911 0.4849132764420534 -0.15149407610394527 -0.7615826870674203 0.6301121770483255,28.871582234469834 -72.92396523345698 515.3809833427711,0.2
1,452,5,0.0552130044843049,0.01178577073635187 0.8486414106503634 -0.5288372639456411 -0.9758492152548127 -0.10560803583809189 -0.19122042739463427 -0.2181270379726376 0.5183191091362364 0.8269013825175902,-141.5582476875087 -37.201287432399425 1433.2592180201125,0.2
1,452,5,0.0150545568473125,-0.6679569841286911 0.2096296131718326 -0.714065047901892 -0.6993827804019775 0.15112298577849337 0.6985882690445012 0.2543564306851759 0.9660317119281442 0.0456676879015816,-3.611046333910145 -0.2018049635818231 -31.226833699710973,0.2
1,452,5,0.0115848204155192,0.7296065173461392 0.3654691563988413 -0.5780195719585597 -0.2850900379638009 -0.6057279285623878 -0.7428440932075299 -0.6216092020713946 0.7067715134897826 -0.337751428745351,8068740939289727.0 6775623785774769.0 4.018165524788178e+16,0.2
1,452,5,0.0110880931492469,-0.7598486599643502 0.44077839786238476 0.4778539713429727 -0.4696207557296314 0.13611640967995164 -0.8723122541864065 -0.44954016476652137 -0.887235440564515 0.10357081281895975,1355219343049539.0 859794960096219.4 7704734796790503.0,0.2
1,453,5,1.0,-0.5343024455576515 0.5894334276634461 -0.6058788088586974 -0.7681469971058157 -0.6377332887927917 0.05697756754063521 -0.3528046024479141 0.4958472413137446 0.7935139732689769,-9.247794435987508 -25.071704470145455 614.6301908380932,0.2
1,453,5,0.975827561807044,0.039119878513025674 0.9389953812608378 0.3416976866704543 0.7688901673525963 0.19011265890257456 -0.6104630107332382 -0.6381830032628748 0.2866092303046208 -0.7145471317209036,-68.62650267809266 2.782762925246157 360.72690642946054,0.2
1,453,5,0.965729530214142,-0.18903673772638258 0.8041394108916649 -0.5635822208343457 -0.5182740219718698 -0.5691853358133768 -0.6382946746167599 -0.834060639245654 0.17142888130597958 0.5243615057527696,-53.19940181082723 0.19360833306265235 772.5258977037552,0.2
1,453,5,0.4920856371760133,-0.3186296023675116 0.7998990490992229 0.5085633566678593 -0.9424352236838122 -0.3247623920594696 -0.07965700134862144 0.10144469259238936 -0.5046690994641639 0.8573319511081254,-44.9202028911735 46.001947818517806 737.3197133286783,0.2
1,453,5,0.0186116135676467,0.7124055139213512 -0.5278306915750027 -0.4624642091728932 -0.5743043156352784 -0.059784091517395 -0.8164560094972257 0.40330253752877576 0.8472429541948956 -0.3457259605380486,19.34514877598194 46.39848453753751 458.29233203511296,0.2
1,453,5,0.0145946049860314,-0.20129313221581147 0.9766008424163486 -0.07570911117181545 -0.5985777372369772 -0.061458520731642374 0.7987036638915206 0.7753617010189557 0.206091350670417 0.5969427005767264,-33.7219738762994 10.257100905183526 292.45768624087356,0.2
1,453,5,0.0127784110441658,-0.22612909476899612 0.8063878754765594 0.5464469112213513 -0.24679117295163228 -0.590102069963379 0.7686830712186219 0.9423161621515954 0.03896333288280496 0.33244865654496447,-16.692290387627 62.93257353191973 986.8366370573142,0.2
1,454,5,1.0,-0.0024346520759914725 0.3131637954924773 0.9496960090797553 0.43614493923829833 -0.8542784550952445 0.28281780908723414 0.8998731379733977 0.4148936711409659 -0.13450493374252892,35.365058111990706 83.73570309960198 397.5936462207984,0.2
1,454,5,0.9891133706292048,0.009815624893221797 -0.022882031080552367 -0.9996899850261505 0.9987784642238562 0.04864160508110138 0.008693311093586897 0.048427604840537486 -0.9985541582251627 0.023331527610637115,18.797000524661964 8.826292545421662 560.9559675011476,0.2
1,454,5,0.9466408537897832,-0.9409263446820033 0.013166987492993498 0.3383552043692004 -0.319797309331152 -0.36299687328472674 -0.8751930935114077 0.1112982247294155 -0.931697322324086 0.34576408828305083,-54.99873398002582 -4.552309775364503 554.505964033906,0.2
1,454,5,0.0185521978876424,0.4027405753971364 0.8536478077138155 0.3302808642870182 -0.48858802936927337 -0.10463443693405229 0.8662178549098049 0.7740037251110831 -0.5102323539260228 0.3749415668091178,19.037517270803523 -66.40649550560062 504.02020106121785,0.2
1,454,5,0.0170329751027347,-0.8577536797006251 0.14211594419030882 0.49402599462673463 -0.35296394054570157 -0.8615024276448188 -0.36500688190297764 0.3737312960329759 -0.4874593578637924 0.7891186810591492,-31.943841774844497 77.91425264526686 624.6019360033285,0.2
1,454,5,0.0107248103528626,-0.18098225626229825 0.7365438411024817 0.6517273916694081 -0.26750347684274833 -0.6745530233234617 0.6880553092609769 0.9464075828073489 -0.049813540921917365 0.31911016647166157,-45.72708245721812 9.342371424469377 616.9619745321743,0.2
1,454,5,0.0105009997943823,-0.41616756257293736 0.6326689484437927 0.6530961349886598 -0.3637215138482025 -0.7741121698108546 0.518128371076804 0.8333733978392112 -0.021916893615565397 0.5522756825609582,-48.5666320343947 -15.38950527353876 728.5728711362176,0.2
1,455,5,1.0,-0.42309342307396264 0.9010482307420495 0.09541509958166616 -0.46365600091703546 -0.3057718376957491 0.831580841581735 0.7784696963692157 0.3075966013284069 0.5471464727895394,-15.777200470281205 36.68104553488783 451.41566356468115,0.2
1,455,5,0.986826377349692,-0.21741691706060845 0.701687175462341 0.6785020206068234 -0.4745923021073927 -0.6834244196308682 0.5547010090423635 0.8529314339126363 -0.2014104526679106 0.4816033623219853,-32.76254093657604 10.779570169841936 765.5123151475842,0.2
1,455,5,0.9498294576388908,-0.8813929799864644 -0.19852189666069797 0.4286437581218455 -0.36843979790931236 -0.27897800947388296 -0.8868051564726804 0.2956324240456806 -0.9395532591483196 0.17274589163463705,-23.79975141036426 -5.660645339392104 409.39736473682837,0.2
1,455,5,0.0589807191702993,-0.6524278404760511 0.6935867329708988 -0.305410145244901 -0.4898454733423808 -0.07844660161417172 0.8682727353436629 0.5782640618417638 0.7160890828255536 0.3909310683999445,-37.46908024243814 100.31211939088308 1022.1428549152441,0.2
1,455,5,0.0337117534037146,-0.6404691648251944 0.6398660054524756 0.4247007699244377 0.07864821579554909 0.6047476155921753 -0.7925243085153636 -0.763946141465676 -0.47418542417694665 -0.4376465199654105,3.515512571597599 -30.035189522180435 261.50663499963855,0.2
1,455,5,0.0160978252528621,-0.2831990827675372 0.910782067500857 -0.3004568272455962 -0.7261033720596516 -0.40828379518991914 -0.553243378332646 -0.62655580166752 0.06148469813035279 0.7769475267304675,49.96282462920468 -32.495022807253406 1512.3903733323739,0.2
1,455,5,0.0105913994164076,0.4906451067786603 0.6191207270095355 -0.6131532472240043 -0.5641209987137609 -0.3106094880897677 -0.7650419888599589 -0.6641045685766255 0.721256730502944 0.19685997739473976,21.20939891889095 -7.994499208583082 148.55507955294416,0.2
1,456,5,1.0,-0.18631427108346468 -0.9571643312459508 -0.22163807295031432 0.7965461849858095 -0.27921914556733235 0.5362376748543516 -0.5751531687952259 -0.07663622993819902 0.8144481080373809,67.02053121882128 79.96911768621624 643.4792733866285,0.2
1,456,5,0.9915890017706064,-0.6387689674923497 -0.16749640373557315 -0.7509455112752238 0.3948221261476188 -0.9090685937085834 -0.13307809976465762 -0.6603708767601969 -0.3814960637652088 0.6468160932279128,-108.86882512004581 47.170621051159074 762.0257986470089,0.2
1,456,5,0.988319733632769,-0.8018363994533857 -0.5975317209544839 0.0037723951016913615 0.2917178022428009 -0.3859349843812676 0.8751885006587216 -0.521496991713529 0.7028584710194533 0.4837673587065753,-30.697759897564953 -31.186751773114743 354.4019802203757,0.2
1,456,5,0.9743454912332488,-0.6888592564202078 -0.5521906181017504 0.4696365042504737 0.18941400299676456 -0.7624738387432308 -0.6186727573611944 0.6997108404998025 -0.3372227253797828 0.6298297969884343,40.557998940567764 23.07155896012319 666.9298691763317,0.2
1,456,5,0.9556760022764232,-0.5295570740480364 -0.8358171516535066 -0.1448412728731054 0.5449777179575436 -0.20437182312658714 -0.813161389172963 0.6500527611321025 -0.5095506323357217 0.5637282686106804,33.544759414365146 -10.677881867271878 526.7710393984813,0.2
1,456,5,0.9188037801283676,0.1829557285843751 -0.5367208787179439 0.823685558770092 -0.6014400021071921 0.6016493703044645 0.525631010384226 -0.7776870355377292 -0.591564648673735 -0.21273020753071045,10.589851021276493 -6.082253085467585 347.6295300586415,0.2
1,456,5,0.9118845214591458,-0.7495095339589877 -0.6493382450387033 0.12882275433570678 0.4432790045108664 -0.6368165436170847 -0.6308473776876977 0.49166979027029534 -0.4157217017496759 0.7651380816754042,81.17393168415613 -77.22826693196828 809.7977833795745,0.2
1,456,5,0.8990598629102716,-0.651032159576761 0.20346108479615677 0.7312733511966574 -0.11252253103556346 0.9268922369766708 -0.3580634874456405 -0.7506635779136812 -0.3153955738528282 -0.5805426985053518,48.33564075144429 -81.18908298252876 404.52497073911223,0.2
1,456,5,0.7136616544810779,-0.1400301421380522 0.7195711689831693 0.6801535797604777 -0.4923715418732798 -0.6465744086946892 0.5826764100033931 0.859047044140265 -0.2532960062640319 0.44483627231214606,-50.75309300213998 29.25476365392238 937.0356478320722,0.2
1,456,5,0.7064269401143453,-0.5197628350753289 -0.6823819353573746 0.5140053400232145 0.4702332864616426 -0.7308326759557888 -0.4947365521757856 0.7132511840704783 -0.01544325267632951 0.7007383637056244,-47.171634896180905 95.91803000405103 713.6733435047453,0.2
1,456,5,0.5153596763562988,-0.7810742671708927 -0.5989894981637401 0.176449908622826 0.29019673389307454 -0.09799180016638598 0.9519366905093757 -0.5529094363467175 0.794738440110771 0.25036366950708544,13.881611941135827 0.5485960764545759 199.31890027955515,0.2
1,456,5,0.4964026678256449,-0.2969823871167292 -0.6036160154502035 -0.7398980792206918 0.8470567055467082 0.19115340651630297 -0.49593881957915986 0.44079065249935445 -0.7740207239274883 0.4545277984897742,-12.440216288103201 28.319541309944043 415.6685267630068,0.2
1,456,5,0.2290650891904012,0.2927889660954155 -0.4531577160075814 0.8419754781200992 0.6889480508263591 0.7105903976631192 0.14287011587988083 -0.6630423852178216 0.5382465709800316 0.5202551530094628,139.73556247162827 -6.9061720876576835 729.9771568977104,0.2
1,456,5,0.2270405855015968,-0.8008562568704951 0.32792625399813724 -0.5010924343573038 -0.09054784657221779 -0.8934360740566172 -0.4399693955895488 -0.5919715730611679 -0.3069794024247359 0.7452068861560786,-32.00629760035928 16.120847499673637 548.9989185599028,0.2
1,456,5,0.2034214582063228,-0.42211473870257393 -0.3593023351600205 0.8322986118687292 0.8983844159438469 -0.2886891907261949 0.3310045201309 0.12134491567136435 0.8874459888389887 0.4446515808296404,-42.194611356425675 107.36221007933972 435.63029200176,0.2
1,456,5,0.1357200548240246,0.092495257185924 0.5754698530594768 0.8125755814801562 0.9348770496253718 -0.3310713401080416 0.1280494820092049 0.3427091032958859 0.7478142924408235 -0.5686160871267716,-9.3482062058997 84.81331860461496 544.8052467412248,0.2
1,456,5,0.1320002857890174,-0.02356348053546677 -0.9706501781324477 0.2393386598034306 0.9963207725736469 -0.0030680590281162434 0.08564756360837877 -0.08239951773709582 0.24047623314009142 0.9671512295248591,-38.78613891130794 61.13977297623768 605.9272542535981,0.2
1,456,5,0.0696076729901195,-0.8979101921476558 0.37321106201871146 0.23338978131920324 -0.10925019244882739 -0.7025775965531176 0.7031707589707773 0.4264055373552907 0.6058863127753508 0.6716249650692233,-41.00680141915269 45.47989048543798 607.7900329647842,0.2
1,456,5,0.0679816608000807,-0.7814412539232303 0.42368740421557816 -0.4580813794250481 0.22392912028031675 -0.4948065951060122 -0.8396559905878589 -0.5824133547210032 -0.7587195904605735 0.29178633842928103,-106.43205309772283 112.20182895547174 808.0890077477138,0.2
1,456,5,0.0627832240857841,-0.33298004609905285 0.841238921716076 0.42595934722675904 -0.8859691382304632 -0.12448808743387024 -0.4467229591035449 -0.3227738759612418 -0.526136667299506 0.7867637716112288,-140.7546450025441 -61.014607953937464 699.0867946761698,0.2
1,456,5,0.0554971801820644,0.12807618355664727 -0.9852171237051202 -0.11377042833607354 0.6370262712067978 -0.006199957745944007 0.770817157512929 -0.7601276346758662 -0.17119807149076827 0.626815123716646,-23.488420544203557 62.156250955177214 417.30353337173517,0.2
1,457,5,1.0,0.47212542681237313 0.8044001595310133 -0.36060777127471166 -0.8800973409093562 0.4534388221551845 -0.1407902876153011 0.050261833248646026 0.3838406152415339 0.9220304388736229,-154.53638676824002 26.185817831707457 1439.6194289756436,0.2
1,457,5,0.9763249061194268,0.07473297159257886 0.8554680490511699 -0.5124347763467355 0.6132341246194748 -0.44464561635669186 -0.652866130425652 -0.7863579918581168 -0.2654518655187097 -0.5578318884157727,-14.287310951120276 -41.177473951479264 490.0691782078906,0.2
1,457,5,0.962260940000666,-0.03254084220183906 0.8859134590754185 0.46270772266931237 -0.163165686811164 -0.4614508859487043 0.8720321315780726 0.9860618906723024 -0.04712136337355283 0.15956667846884975,42.06966853999424 6.956189944776179 578.0311833316215,0.2
1,457,5,0.9533780355698164,0.9706346824059444 -0.2390729690749681 0.026691361306445737 -0.22874671020072568 -0.9516175513500232 -0.20518035611366636 0.07445304482059215 0.19304960870269866 -0.9783601549003709,62.47285622375644 -10.017199066420098 626.4054927761849,0.2
1,457,5,0.948952866761086,0.1836286303170834 -0.43392417424215785 0.8820376052845667 0.9803691508535235 0.015292126355321234 -0.1965769033388049 0.0718112399462148 0.9008196056257844 0.428213946453864,10.842827365999732 54.84123248270877 402.61001784485507,0.2
1,457,5,0.9480946210398266,0.02248073089207253 0.9703510393063074 -0.24065219146254885 -0.5151915961056649 -0.19504610240666462 -0.8345865067433491 -0.8567801561898221 0.14274410129016862 0.4955319217832555,-148.76920605573775 -64.4509354694442 775.4830024369274,0.2
1,457,5,0.9334334334334334,-0.10917098487501975 0.7526172063910284 0.6493450829147646 -0.27030408495329405 -0.6511104368141505 0.7092185140908608 0.956565417375613 -0.09809454478129886 0.27451787294303664,-21.816686524395614 19.539042276515595 432.5407559096804,0.2
1,457,5,0.756559886696873,-0.11397597255022729 0.9658560301635345 0.23266200093261397 -0.4481422099025755 -0.25899156813354673 0.8556237066253849 0.8866668130616293 -0.006745119158637958 0.46235967166554454,18.793331913545316 25.06475463165625 803.3264268521696,0.2
1,457,5,0.6681894712716631,0.17216414745161362 0.9849150312778341 -0.01737490993477986 -0.6503658705229043 0.10040168775445592 -0.7529566624680608 -0.7398538644835503 0.1409321902868163 0.6578406926830511,3.145915480349011 118.10478303011307 886.4879764492321,0.2
1,457,5,0.6059366607311812,-0.6963350803175896 0.71726444236234 -0.025478925443148392 -0.48438877020474735 -0.44346627051485554 0.754125444614606 0.5296083224597481 0.5374657074067948 0.6562359622445915,-23.49298625210831 20.13425206942425 310.9181360134476,0.2
1,457,5,0.5465296509817058,-0.03902969107259899 0.8071381674450346 0.5890710159804575 -0.99792968972622 -0.001327209624207848 -0.06430064445667277 -0.05111768361054242 -0.5903610904930003 0.8055189415862347,-46.40766274000866 98.95117121456356 928.414052779619,0.2
1,457,5,0.3677258471779019,-0.5886285798481492 -0.7311951578441784 0.3447753415358733 0.493443859617837 -0.662800963102915 -0.5632122519222222 0.6403354998681577 -0.16139555277353645 0.7509473504537595,45.499411123681526 163.02745306908 1254.7388620460804,0.2
1,457,5,0.3423452807014451,-0.514943696711339 -0.42269505135625607 -0.745762618248054 0.841265543169509 -0.4162759769803428 -0.3449443387921771 -0.16463679750581794 -0.8050113070932565 0.5699574724126661,-48.02694680634857 88.03338402132212 470.16260358614494,0.2
1,457,5,0.3145474241364652,-0.055463175821362176 0.3074926642171655 -0.9499326805518579 -0.23064874599641605 -0.9296101745992259 -0.2874475243446664 -0.9714550901086932 0.2031580289681566 0.12248192996391005,83.21574434355387 75.53605154063875 849.1654681332019,0.2
1,457,5,0.2466238253909486,-0.14883415057532123 -0.4537618481904394 -0.8786060441115343 0.9855126905900183 -0.1411324343064851 -0.09405515760843991 -0.08132116765360309 -0.8798760259908907 0.46819338587589227,-14.034007962598688 118.50183584561164 740.9771601847707,0.2
1,457,5,0.1597989868537813,-0.7263620466235875 0.6340378865584878 0.2653189319163627 -0.03304930430211295 -0.4177970870493116 0.9079390604761182 0.686517239921868 0.6507238680589149 0.32442645827445116,-43.05816258587955 30.019403093179065 373.96487895560574,0.2
1,457,5,0.1336781987466919,0.7120417273074396 -0.08527716747775621 -0.696939296696641 0.7020379066586462 0.10315627133061178 0.7046286690871378 0.011804922167632126 -0.9910028195682069 0.1333193737627065,-86.85146740428517 -56.763917583597426 649.571731487662,0.2
1,457,5,0.1115656385348166,0.9550951418753537 0.28530773987851243 0.07995475927993767 -0.025358463306304813 -0.19014596800282305 0.9814282751128642 0.2952121581250347 -0.9393849074887697 -0.17437252443396875,-8.750337731237746 1.0172236003124784 209.62280571507307,0.2
1,457,5,0.0543841603345028,-0.5894017615964242 0.7925238847132751 0.15656134767563595 -0.676281028988707 -0.5900667366177517 0.44098210413491 0.44187049376147264 0.15403615970367598 0.8837552422739775,15.688533954140468 187.57535680498944 1298.091130476871,0.2
1,457,5,0.0488297893049605,0.4648052115345257 -0.08993422606472753 -0.8808336677900563 -0.17977076647301368 -0.9836927409046116 0.005573420249535624 -0.866970926186138 0.1557575888157981 -0.4733930572729589,165.36205146927645 104.28450367967139 1332.2156076426743,0.2
1,457,5,0.0422252609752609,-0.4069194371059751 0.8906334305382886 0.20294990542731406 -0.4332664095798715 0.007411713749126747 -0.901235421423874 -0.8041746017098048 -0.45466158723483585 0.38286557831434276,-112.48900956386834 -62.12414988901086 765.7741960324281,0.2
1,458,5,1.0,-0.02156781365677586 0.5503570504536218 0.8346507931045511 0.10207960708783279 0.8316941664530688 -0.5457697017100975 -0.9945423989106047 0.07342976578966304 -0.0741180562698116,26.806154783328207 10.50439210728668 270.53940839650795,0.2
1,458,5,0.98386626235037,-0.8401663343912965 -0.1280908896866804 0.5269850610166923 -0.14504524977564534 -0.8832388093016011 -0.4459272152055878 0.5225728715433023 -0.4510897136077973 0.7234885377144706,25.081425850047594 36.7003285741683 486.63562366893177,0.2
1,458,5,0.9755214872574286,-0.38202153107151443 0.5681981329029263 -0.7288418426266458 -0.798144394368938 0.1947048614060965 0.5701364246233298 0.46585950192651115 0.7995254209282285 0.37912270540594334,-52.976917487106164 -2.7985095149358745 408.7022527382262,0.2
1,458,5,0.9669669669669668,-0.18788460590413386 0.807164867705926 0.5596286726084747 0.7016258491877463 0.5090218187724654 -0.49861604042102897 -0.687328555070879 0.29896766439674766 -0.6619650995553553,-4.469203094972684 -129.12825828094844 728.3635162447692,0.2
1,458,5,0.9484472247308432,0.9858316063675231 -0.05507503568288236 -0.15843858220571838 0.13462048274918237 0.8232723193045544 0.5514526397536573 0.10006682522797472 -0.5649685201065889 0.8190221009089833,18.51743817392739 82.62306497159537 915.5318876280044,0.2
1,458,5,0.9375350901023272,-0.715000966826046 0.34349803721885896 -0.608919301602939 0.4676750712802481 -0.4124067020885889 -0.7817932845550852 -0.5196668597677115 -0.8437593320960692 0.13422572167792624,-37.466129498858756 11.113368577108876 276.53475705086896,0.2
1,458,5,0.9047502269996156,-0.19239895414439567 0.43228820298069565 0.8809708008826762 -0.686474852760478 -0.7008077172425121 0.19396087229340683 0.701238132856181 -0.5674464318480292 0.4315896523450454,-82.13374178705146 -14.826671785862619 1204.058665212434,0.2
1,458,5,0.6562374110051372,0.13746901006929085 -0.14017484053239393 0.9805372432255122 0.9749983379008316 -0.1553363335892909 -0.15889891301595688 0.17458669010318434 0.9778658586681277 0.11531630452828528,-173.38818989100224 -75.52421986976793 1006.0849215673712,0.2
1,458,5,0.623013722769224,-0.15851983930314856 0.7232115054957092 0.6721879044329296 -0.5742676130861549 -0.6213328835158235 0.5330686226202423 0.8031738100234805 -0.30151379102877146 0.5138105338661558,14.23827569557934 15.338054874047714 792.7421258221641,0.2
1,458,5,0.3640535400926599,-0.09175274691085189 0.2679527026205857 -0.9590530655769979 -0.4371913061621736 -0.876166373998001 -0.2029685859718389 -0.8946760280964982 0.40066673711891676 0.1975372636136158,51.92656583973199 42.076730464912224 919.8356465116531,0.2
1,458,5,0.3314879671847887,-0.5290707881330063 -0.8455121995834072 -0.07206400974097854 0.46096337410055516 -0.21506212715951828 -0.8609651846616416 0.71245832782146 -0.4887303978854308 0.5035332454769963,40.38183107923798 3.5994926890422274 939.5163671760929,0.2
1,458,5,0.2504771274942424,-0.9779639424391928 0.048927362160643806 0.20295970171635655 0.013058893044285372 -0.9559112125670712 0.29336533367289563 0.20836504649592538 0.28955114733074827 0.934207760874527,-77.22607126212678 46.888060900720184 607.4549477086045,0.2
1,458,5,0.1464408173454628,-0.4925683760163757 -0.6323979390472166 -0.5978705893731713 0.816058607469066 -0.5743206644742584 -0.06483921293087327 -0.3023652495314883 -0.5198351864261201 0.7989659785179102,-12.179800498350785 27.02111552220274 649.6784668189503,0.2
1,458,5,0.1128336160121001,-0.17167463147962148 0.4605658984466981 0.8708655889942616 -0.4094549946675277 -0.837377887883732 0.3621393105217864 0.8960326044559714 -0.29441013241966685 0.3323375478041617,-71.61086934576397 41.001544768105504 820.2111587930758,0.2
1,458,5,0.1116915203712269,-0.9105087549280797 0.13384598368765183 0.3912276317567599 -0.3311550102384374 -0.802629501786112 -0.4961070872871683 0.24760889804952188 -0.5812668367568052 0.7751249564382756,-69.07097820283647 49.933392359912176 735.2888367170026,0.2
1,458,5,0.1042176039119804,-0.1917691736200864 0.8013203248761843 0.566665969500018 -0.43784024571731306 -0.5865925344061352 0.6813259996574252 0.8783623986028044 -0.11745184340534376 0.4633406535168424,-23.914733081708246 17.97023156369619 626.393389023091,0.2
1,458,5,0.0813645246713706,-0.9368430960965191 0.25408107652119805 0.2403493703967569 -0.34485928127731924 -0.5565469515120373 -0.7558621348364719 -0.0582845555287092 -0.7910109337528067 0.6090193866128844,-28.768805768330097 -3.0743033694009156 492.7885773455592,0.2
1,458,5,0.0571589315476846,-0.934235417308746 -0.3377117949804639 0.11469493701566066 0.3559024959947831 -0.8618327058191164 0.36135550435157887 -0.023186168088682547 0.37841132476654776 0.9253471083316739,-30.307478879188047 -19.704883551902014 446.30309072039546,0.2
1,458,5,0.049507010066301,-0.2811366539504724 0.7710626386479317 0.5713357936335003 -0.1921213534464068 -0.6285163285773776 0.75369530332989 0.9402401647214681 0.10212556973110665 0.3248365752984781,-99.97845484466879 40.14749170208195 710.1983203873987,0.2
1,458,5,0.0426695644299556,-0.10274544073189662 -0.22249817363668273 0.9695039644772727 0.9009226922687279 0.39232922030680045 0.18551572830551377 -0.42164164519657626 0.8925090171095185 0.16014361496521157,-99.71202422625464 -69.45891303090642 665.3363128892385,0.2
1,458,5,0.026049857926386,-0.5417579433680381 0.6637994086461998 0.5156245493366169 -0.5865464994525478 0.14083201730053507 -0.7975772983749128 -0.6020477844636556 -0.734531611289819 0.31305235542699006,-44.84212870524517 -21.194742919207354 494.30978583884945,0.2
1,459,5,1.0,-0.8737385134314222 0.17741499342860495 0.4528851181628478 -0.44520462405217215 -0.6667055191062881 -0.5977429159059764 0.19589245230282012 -0.7238975555283655 0.6615122646110533,-65.84365091001386 13.19766822786461 653.8130111529674,0.2
1,459,5,0.9844536744725064,0.020762667536966026 -0.4677832770967776 -0.88359929679994 0.9188090831222095 0.3573536904116472 -0.167595372016356 0.3941557819046597 -0.8083793327502724 0.43722313979631755,84.68316083156637 -131.50569131387957 1508.1413481209536,0.2
1,459,5,0.9718869884910486,0.04724372319899006 0.9257673101069117 0.3751305348218279 0.5848468444767057 0.27881126667728806 -0.7617207139624381 -0.8097667560007249 0.2553804321227834 -0.5282600077280534,21.71024217652591 35.24103195513442 487.94172959912333,0.2
1,459,5,0.8168228500639386,0.17434900682609714 0.6453607814969086 -0.7437149222144551 -0.7661357082082237 0.5633748397644359 0.30926504252611486 0.6185778046673168 0.5158665056253366 0.5926577831656876,35.883351476020465 8.991491194379968 643.6223963357812,0.2
1,459,5,0.663634161205243,-0.2093393718677073 0.8495974781032551 0.48410861651763903 -0.327542198266747 -0.5274024967352033 0.7839405046252303 0.9213539687550168 0.005543612365837947 0.3886851330078327,6.117865950907671 -8.001058386017899 815.4709103334501,0.2
1,459,5,0.1765769860933503,-0.22442484425841158 0.7389137787663141 -0.6353266221628637 -0.6558740548875425 -0.5967226270618154 -0.4623324891004508 -0.7207376175869833 0.31293535099399067 0.6185537589355571,3.9090241965247934 65.62739691202326 734.2926619353606,0.2
1,459,5,0.1385569852941176,-0.2853101805014724 -0.5067456771200667 -0.8135151625030366 0.9581400233739561 -0.1718686960722301 -0.22897346335194801 -0.02378647748557544 -0.844789896974719 0.5345692036193923,8.254904119188517 75.34012354599417 492.15901321472285,0.2
1,459,5,0.0322561590872762,-0.9734280183488189 0.22388444891648895 0.04810038073499642 -0.04989902906199191 -0.41238766389337467 0.9096408640596769 0.22349044720560665 0.8830697414145301 0.41260132307823905,2.61262778994924 87.24895074155405 524.8041227030153,0.2
1,459,5,0.0167018178173953,-0.7715842337741042 -0.23234977970639878 -0.5921751008457014 0.4400033243417747 -0.8672317953120788 -0.2330366661449988 -0.4594070578032249 -0.4403664304532949 0.771377055771306,54.719390354103325 64.91246811665505 562.7832941520404,0.2
1,460,5,1.0,-0.11806871567996624 0.6484278508354083 0.7520645588236805 -0.38022282836956445 -0.7291639660314623 0.5689907832539272 0.9173278471540764 -0.21877210265991903 0.3326385244276825,-34.620950035720895 13.94313984843588 649.6863405459383,0.2
1,460,5,0.992872489002522,0.12938679108416118 0.9625994327496059 -0.23803653157253168 -0.42771449732586553 -0.16239667614438655 -0.8892061787653849 -0.8946057048053215 0.21686320952939986 0.3907057476956051,-73.0936275181711 29.80138862995173 324.8415867089511,0.2
1,460,5,0.9902873659079424,0.16307241835544573 0.8090527558993786 0.5646600964680673 0.5894860073857787 -0.538831457339116 0.6018030472489966 0.7911470365665791 0.23472174750845914 -0.5647938276738647,40.338749356450606 92.34201689009828 612.0028895149337,0.2
1,460,5,0.3797447240734609,-0.641282670434065 0.5228993367697196 0.5615450295450416 0.32135770563477983 0.8475937127651206 -0.4222725696871481 -0.6967680831023365 -0.09033925883481983 -0.7115848907074059,-59.300378502526236 24.610493926577142 428.4923429161196,0.2
1,460,5,0.347229407268916,0.36047700840941943 0.9323908666076306 0.026525426949758346 0.45177197346932707 -0.1994002447487957 0.8695640438643666 0.8160627490553806 -0.30147440067241527 -0.4931072655552573,64.0653140668226 154.7656422637385 1068.5200860470013,0.2
1,460,5,0.3332496022983298,0.01080965204806339 0.7854527674037031 -0.6188271984976615 0.48947522704070745 -0.5438059185210862 -0.6816811021987375 -0.8719502012936563 -0.2955318479610991 -0.39033802441557,9.704318223213996 96.51354831837719 594.5265570360597,0.2
1,460,5,0.1979260386922025,-0.7428835536869114 -0.3644618716590511 0.5615082989309128 -0.358300150959878 -0.492050713189621 -0.7934148331558429 0.5654600140448789 -0.7906033390748909 0.2349496387739275,-48.940959357122836 30.44603449993999 840.7918736733423,0.2
1,460,5,0.1283473535101062,-0.19447023557187804 0.7336011378670217 0.6511610384511876 -0.33651529521674584 -0.6734431419526399 0.6582034568749566 0.9213787405631869 -0.09112466777534706 0.37783264994045673,-82.20807443368443 16.143183792760567 648.701875636273,0.2
1,460,5,0.1017549908758897,-0.3439360738622331 -0.31913275234500615 0.8830981052391255 0.9331981436577313 -0.22049484989093393 0.28376618164492134 0.10415950158289244 0.9217029388866433 0.37365022504707246,-32.02417280161971 64.72913971421906 382.2953772582242,0.2
1,461,5,1.0,0.5292082242074276 -0.477959478028777 0.7010658976114016 -0.6884781322811305 0.24103274441685196 0.6840329505875918 -0.49591986933566934 -0.8446644028733185 -0.20150813809063142,-28.837340404839267 -37.064315392070704 504.51825622639427,0.2
1,461,5,0.9884198591051878,-0.06552372029632425 0.12123722503379664 0.9904585692216679 -0.3551404794045199 -0.9304321117582116 0.0903953831646429 0.9325137435806814 -0.3458288893011389 0.10402161966573975,-3.43047825796193 27.094320431180677 685.403571504964,0.2
1,461,5,0.9268610940723804,0.8030694810909784 -0.5259767004790955 -0.28004985108617786 0.4998610220678695 0.338792886347618 0.7970936825602841 -0.32437380775508295 -0.780107614828476 0.5349894785218627,33.896287794145316 -27.61075270048027 419.9927233693795,0.2
1,461,5,0.8456122480591337,-0.4697092609974766 0.06872227446200768 -0.8801422948171351 -0.4360065093567412 0.8488341198298355 0.2989631428976798 0.7676402373063533 0.524173526616403 -0.3687418881314797,-31.959923656185296 -99.4188417680638 985.5585073558221,0.2
1,461,5,0.0388707658754499,0.889828933405717 -0.4561669983124545 0.01077677709934774 0.35405238975685377 0.7051510206239058 0.6143361811097607 -0.28783914706221736 -0.5428385651035388 0.7889707964524582,-60.690539779998055 -214.80767799156985 1915.2779314447985,0.2
1,461,5,0.0254616256807747,-0.671426323240857 -0.3739467776533531 0.639805048387349 -0.20618564975370884 -0.7349983680308821 -0.6459604297691778 0.7118104876263802 -0.5656334559364516 0.41639479251124323,-13.638691580597477 44.13306121899061 442.68691924267796,0.2
1,461,5,0.0123027379691072,-0.09516399100944603 -0.6668313684955356 -0.7391073946359389 0.7191536030091144 0.4673262180278016 -0.5142220349448678 0.6883036467244404 -0.5804671669734673 0.43508155324218667,28.666479263137404 -8.81348599773654 415.26790659199924,0.2
1,461,5,0.0069976982223957,0.2802338863614313 0.7578874851055377 0.589131164389707 -0.0014173514564407852 -0.6133945778656362 0.7897753370167284 0.9599307058583018 -0.22215681795848924 -0.17081975349748402,-21.932615921517055 41.88323786166035 167.26919238992608,0.2
1,461,5,0.0065335244769109,-0.10240641630871983 0.7439174831328101 0.6603784552725431 -0.5703718444006289 -0.5878102429964059 0.5737203825414703 0.8149778432655883 -0.31790862919689894 0.48450512739115414,-63.43206276193365 -39.0932869070763 1076.120132990317,0.2
1,462,5,1.0,0.3445744991521281 -0.9296380066335754 -0.1305434454747243 0.57923134735487 0.31997582199479735 -0.749737633829472 0.7387553456832118 0.18272561386162045 0.6487309837393093,72.05857395364168 -86.57878797365935 909.5415982110965,0.2
1,462,5,0.9985056292003444,-0.18021955863629013 -0.7154390901833623 -0.6750317169752422 0.9546365245828614 -0.2926030515910575 0.05524997856973918 -0.23704433470829125 -0.6344528055239442 0.7357170794167411,-0.13397246534921337 33.07878144606802 662.758532560511,0.2
1,462,5,0.9315001738992276,-0.5353280457382907 0.8336576624594721 0.13578948880024277 -0.36457465895369856 -0.3730770491564402 0.8531698737306173 0.7619115444031656 0.4072203546181499 0.5036490656100249,-30.855600351170928 59.036448883640006 757.4442884027943,0.2
1,462,5,0.0398175341767688,0.9420929401613701 -0.2724807019132543 0.1954869795739997 0.20755662547750092 0.015902191283541537 -0.9780937416898107 0.26340299792997335 0.962029826667158 0.07153651713817605,117.46222971724981 -77.29794333833972 737.2273184787451,0.2
1,462,5,0.0315089415204508,-0.3100299878563316 0.9492664349806209 -0.05267487113401806 -0.9437766602273697 -0.30060376647898085 0.13756086357944333 0.11474764590123293 0.09236130682181196 0.9890916877429982,-163.57006351118275 -5.814629416063591 1924.2032494190214,0.2
1,462,5,0.0236028844020627,-0.3123534231153635 0.9452540777933887 -0.09449903429710271 -0.5495195235114114 -0.09864481349312243 0.8296369652147249 0.7748958848438325 0.3110690103270936 0.5502476155933951,-105.62716826034496 28.876069102667035 864.8659774765443,0.2
1,462,5,0.0208348319426239,-0.22462831815904905 0.9734027681177636 0.04504630619387593 -0.9719402141281027 -0.2204994061236393 -0.08192821284356441 -0.06981646540505364 -0.062185713148582324 0.9956197056298892,-94.21405930256681 -45.60835154847576 1626.3833929446646,0.2
1,463,5,1.0,-0.5389214825668864 -0.48049655978062844 -0.6918718751813011 0.4069151202683712 -0.8676635211821375 0.28562230113699355 -0.737552520519648 -0.12760513331678847 0.6631238266163554,68.98659994619503 65.17797432800124 400.2004712592835,0.2
1,463,5,0.9945034223217224,-0.16294581374660977 0.6769410175991302 0.7177740037604521 -0.2721642729787547 -0.7301102364548071 0.6267899577512803 0.9483539794277247 -0.09321964018252787 0.3032075665082241,-43.03569769708835 30.50095346849828 555.149344588472,0.2
1,463,5,0.9840559126324996,-0.6502761064140665 -0.7529125644363802 0.10130970210594437 0.256571521267985 -0.34317488205674956 -0.9035496969174235 0.7150608644732234 -0.5615635944745436 0.4163343481621915,-16.028009915468274 16.910572465435976 289.56715279534444,0.2
1,463,5,0.466133130248101,0.7006230344059824 -0.3417325643965383 -0.6263754609582978 -0.6605744090948962 -0.6425261212841202 -0.38833186003277265 -0.26975695303121117 0.6858418461267509 -0.6759083875739131,46.49528302009786 81.88636970495324 736.8937786752226,0.2
1,463,5,0.0587652359516301,-0.9138590783685994 0.35933159124529124 0.1890565852236336 -0.39126092812283186 -0.9037761507293407 -0.1735037621993143 0.10851944990532492 -0.23252844321928212 0.9665164520515225,64.95187351035852 85.65441771058381 396.9165735942203,0.2
1,463,5,0.0527408846900433,-0.29542993198124784 0.9547289130709937 0.034840462623703716 -0.29873426486683424 -0.05767742391988734 -0.95259180857513 -0.907457433868954 -0.2918321732027568 0.30224987741888054,-57.45180998993014 -41.35055075678058 581.8126193638476,0.2
1,463,5,0.0439981985668777,-0.9460641042665411 -0.3195197829110493 -0.05357069111765379 0.1275491648310294 -0.21533536310461443 -0.9681745152334421 0.29781524670381476 -0.9227880524394968 0.24447553886977313,17.162631087032544 4.091082980690612 207.2762693252247,0.2
1,464,5,1.0,0.6827892767739171 -0.5528703556478305 -0.4776328855600218 -0.44179410466379715 0.20825025079654086 -0.8726109110752007 0.5819078729548737 0.8068247659120407 -0.10206382563923141,-8.28764819741552 -2.1826948175428473 92.55292499388213,0.2
1,464,5,0.9979947797058264,-0.9824037102742704 0.14952852630998506 -0.11191143756967592 -0.184369991298358 -0.6806648664345349 0.7090155470159313 0.02984386617029989 0.7171726148015002 0.6962562633332562,-9.62897571402748 18.436896866692273 327.51880929183443,0.2
1,464,5,0.9915254237288136,-0.5202718711592399 -0.05497508311796834 0.852229382453243 0.8481404819856717 -0.14996826710171507 0.5081016056652659 0.09987443565585669 0.9871612123147271 0.12465086443239426,18.23268974990444 52.950954312763244 413.1673251381888,0.2
1,464,5,0.0190516780143205,-0.743912030401405 0.5360369441421637 -0.39907303283833884 0.24704493125710045 -0.33427790686853454 -0.9095202487684186 -0.6209377528901215 -0.7751920249166153 0.11624814640003667,41.700859107418935 -27.708476274443477 326.40424523770673,0.2
