scene_id,im_id,obj_id,score,R,t,time
5,7,1,1.0,0.8424698633585729 0.44641157129297704 -0.30159780892493704 -0.4519212662880294 0.8903325551661978 0.055453676955215 0.29327751091621657 0.08958041207186224 0.9518212286789068,-44.97943037673238 40.18850638616824 741.9443581928444,0.2
5,20,1,1.0,0.9802805631266291 -0.12706345031052252 -0.1513436392826745 0.11919678080498292 0.9910560296260409 -0.060000613226840055 0.15761391119399257 0.04077776032414447 0.9866585170468447,-68.07433307666429 -22.295575313908575 660.8440745292975,0.2
5,25,1,1.0,0.9877691227218517 0.05716996028817743 -0.14506466088593659 -0.06747491983810526 0.9954595465982923 -0.0671373687238613 0.1405677608491536 0.07610444617084246 0.9871417415360798,-55.38520177998699 -42.617824132265945 623.0842324793379,0.2
5,31,1,1.0,0.9974796144863618 0.014001067429551723 -0.0695585278378734 -0.02941531963875781 0.9737238348429301 -0.22582433976285154 0.06456901466406913 0.22730126169823883 0.9716815212690318,-32.30363970237908 -61.23764372662292 610.5544647624939,0.2
5,43,1,1.0,0.9993600131566397 0.007256589506706707 -0.03502721816376598 -0.011421537041069489 0.9926823768789088 -0.1202133400486798 0.03389856332029988 0.12053646976235531 0.9921299546239134,25.19991200533465 -63.792097758694894 660.6331512194131,0.2
5,56,1,1.0,0.9919512511071527 0.021643053428168788 0.12475693834516753 -0.022094615246611028 0.9997533817787152 0.0022368726219116094 -0.12467775825727188 -0.004975325147954209 0.9921848127922607,55.01431497049984 -7.155452364451922 672.6942552922031,0.2
5,64,1,1.0,0.9956010710074655 -0.029765020475792756 0.08884003019395686 0.03130742516588737 0.9993814327017927 -0.01601864851959931 -0.08830828125532675 0.018729536219237702 0.9959170908939872,36.38587619154906 29.6232048779651 685.4838939331992,0.2
5,70,1,1.0,0.9678787616715818 -0.08332214681876446 0.23720902713555742 0.0612695837566882 0.9932114526180764 0.09887895880607138 -0.24383752953835375 -0.08116914584867117 0.966413384091316,5.157113440857172 49.435239956620315 758.5188636424596,0.2
5,81,1,1.0,0.9918527946558886 0.02638782202356912 -0.124626307745019 -0.021049878101692236 0.9988116766403302 0.04395608306976758 0.12563811668919445 -0.040974595248578737 0.9912296132476105,-42.57076201511629 7.463608425283382 597.9846906823374,0.2
5,86,1,1.0,-0.9306455007225856 -0.030761966139016453 0.36462673163671083 -0.1800996279394148 0.9059183230651731 -0.38324419884829264 -0.3185326922011182 -0.42233362804073193 -0.8486290300390745,-62.53336124344836 -5.38403721050021 585.1263191093487,0.2
5,94,1,1.0,0.9913860727642292 -0.0208780101927398 -0.1292971903001384 0.07404488077812872 0.9036491625919033 0.42182407064735483 0.10803245049368757 -0.42776430383722264 0.8974111042342775,-41.2646971866944 -33.19430305683754 408.9927281045866,0.2
5,100,1,1.0,-0.964943840919439 -0.19499000088618657 -0.17567664450929538 -0.051698162925520416 0.7974544579531869 -0.601160284317514 0.2573143676940072 -0.5710037539675136 -0.7795793924503395,-44.20672858254419 -59.111383453291346 650.0791820042625,0.2
5,107,1,1.0,0.969859438573035 0.043342960525081436 0.23977918421689293 -0.15246539155845024 0.8755574959501533 0.45842488551825566 -0.19007097039718057 -0.48116572930583756 0.8557760029083871,-13.031827927255993 -64.04102582420079 483.1696541748516,0.2
5,117,1,1.0,-0.9824822552463195 -0.00796043635747977 0.1861860617208075 0.030266834917738954 0.9790058983003808 0.20157224461003515 -0.18388185563064172 0.20367641627361777 -0.9616149856485015,27.46895975895193 -78.5484992792579 665.1350537687697,0.2
5,127,1,1.0,0.9829003664999795 -0.12583199818663182 0.13443651946761204 0.10262439073846216 0.9805242422856996 0.1674528134001164 -0.15288918849861682 -0.15079296575906395 0.9766710692540351,42.89888231753129 -28.973018191349308 510.650036593983,0.2
5,138,1,1.0,0.9973123358147037 -0.0036134715811707786 0.07317819111560264 0.002041034346108012 0.9997656630378446 0.021551176053685468 -0.07323891732281138 -0.02134389452820196 0.9970860038912147,25.61493925249916 10.007799382707267 600.6773229655682,0.2
5,149,1,1.0,-0.9941600436511632 -0.032495166379127964 0.10290710261935389 -0.09212014307882116 0.7522448074393386 -0.6524121618422587 -0.056211091847205366 -0.6580819203127715 -0.7508451899764692,-28.897296963641423 2.348916877421029 586.7627667714877,0.2
5,171,1,1.0,-0.9959588530677211 -0.07889538635045663 0.04291248080269405 -0.08978368711384897 0.8863693860938704 -0.45418960900026806 -0.002202844586409961 -0.4562070028048518 -0.8898709558512077,-45.91291438015062 -67.79414439555644 615.6006665487072,0.2
5,188,1,1.0,0.9714951924408327 0.14242480882127656 0.1895053162752231 -0.14129227835710728 0.9897749812623287 -0.01954427138101549 -0.19035120998041288 -0.007788472210894968 0.9816851616275011,23.06892556352336 -70.25878978288475 510.31077156616163,0.2
5,195,1,1.0,-0.9965122686240969 0.027686288527784427 -0.07871955226760463 0.07968608163410998 0.59572345341074 -0.7992269361390323 0.02476745597468226 -0.8027122999455902 -0.595851941878688,50.88365658455362 -49.94598950076679 640.1683121536257,0.2
5,208,1,1.0,-0.9556755031154504 0.02556421207733077 0.2933100813233257 0.016618484282307208 0.9993187901753068 -0.03295120001940557 -0.29395264707974544 -0.026616285680489318 -0.9554493260301067,35.214350172632514 -22.045387466902646 705.6089216010229,0.2
5,215,1,1.0,-0.9951922890703753 0.015441296774994433 -0.09671542859736999 0.06985744066564098 0.8040412719947198 -0.59045539282215 0.06864579927798113 -0.594372946291316 -0.8012543634567413,5.7503284843911295 4.41896752924312 623.9651791365442,0.2
5,221,1,1.0,-0.9445215250147212 -0.20624847756908002 -0.25561818066073083 0.043759366176715914 0.6922991840820465 -0.7202825539961002 0.3255214380892254 -0.6915080659108537 -0.6448661784622862,-22.157641976675094 -23.168921402944797 673.8753048932084,0.2
5,239,1,1.0,-0.9159694210408424 -0.2912311747437618 -0.2760152578671558 -0.1363105363910691 0.8728326080019241 -0.4685964960147888 0.37738502538771074 -0.39159627330444224 -0.8391858562602146,-54.32782353455795 -69.42756606901065 639.5130452402501,0.2
5,247,1,1.0,-0.9123783598437923 0.32195942809809425 0.25280002995945156 0.1289793564440092 0.8122163853376826 -0.5689190355404523 -0.38849717386364696 -0.4864634313571137 -0.7825747733298218,-36.4399580864833 -86.11565476305938 638.3858311330428,0.2
5,254,1,1.0,-0.9847217289839141 -0.1372252944839229 -0.10720230884048876 0.01290719865262211 0.5564146451479106 -0.8308045178547514 0.17365632925370916 -0.8194949427658018 -0.5461423972659533,-1.6217025581657856 -111.49966482270385 789.155936828648,0.2
5,280,1,1.0,-0.9985972157061939 0.020175476191825165 0.048954580421758806 -0.0006180617031776529 0.9200558200771127 -0.391786811853033 -0.05294543213128419 -0.39126747641819903 -0.9187527105341055,38.52537471722859 -41.19416622736363 690.4813403103401,0.2
5,290,1,1.0,-0.9611909442506535 -0.22483380798311425 -0.1598803536346764 -0.025311995220046457 0.6489454687921286 -0.760413756735203 0.2747203516096276 -0.7268559261105163 -0.6294515001884627,-3.0529881952835582 -40.82290252260451 643.5120728104139,0.2
5,293,1,1.0,-0.9982092402516705 -0.023919055152775336 -0.05482874681023894 0.025182763011990406 0.663367208907023 -0.7478701589139575 0.05425994031755585 -0.7479116424735642 -0.6615769297135676,-21.493535658128533 -40.820022049965786 637.2765879353834,0.2
5,306,1,1.0,-0.8039006225483872 0.5677727446342737 0.17713808036890147 0.18314092935573506 0.5196636175427775 -0.8345113088491202 -0.5658649919026916 -0.6384229280444257 -0.521740333773563,-80.98346530512714 -79.83012762550378 787.318237230555,0.2
5,317,1,1.0,-0.8721030466157756 0.20667092606217197 0.4435351219509977 0.05772850425108361 0.9435530797882169 -0.32615181345364924 -0.4859050276344286 -0.25883337099913456 -0.8348063189607572,-45.53911689025746 -87.58251483722364 654.4317128284392,0.2
5,324,1,1.0,-0.9984983660900997 0.012362366878949699 -0.0533683876517885 0.04139949998757933 0.8082859965331044 -0.5873328095801096 0.03587609672441727 -0.5886602752807744 -0.807584042679264,-13.673786256899263 -109.06370172974574 765.9740894525567,0.2
5,332,1,1.0,-0.9999078317617828 0.01151016819797799 0.007200278432435066 0.0024675776117338765 0.675577264741339 -0.7372850672740775 -0.013350619542942687 -0.7371993457625049 -0.6755434002084206,26.23165478662585 -97.67296999602743 723.7507067969195,0.2
5,341,1,1.0,-0.918150856822901 -0.258741113029755 -0.30008672170473705 -0.0831375058248504 0.8662938739586484 -0.49256784209582805 0.3874108403756866 -0.4273031246900041 -0.8168995534272026,52.74345225669046 -74.74839510830611 649.5661151192634,0.2
5,348,1,1.0,-0.9918088966068574 -0.027666247586159612 -0.12469840157752259 -0.001575760495513022 0.9788367003977507 -0.20463682692346538 0.1277209050639266 -0.2027641307010312 -0.9708625431597959,38.66572669389855 -50.92180679223873 506.79980062564607,0.2
5,353,1,1.0,-0.8651790190465929 -0.4194292995520523 -0.2748532839149823 -0.02994052924606394 0.5903310737728156 -0.8066057203161281 0.5005685065103883 -0.689629093075045 -0.523299994529381,45.069551197448355 -57.36554026035719 743.799374850506,0.2
5,364,1,1.0,-0.9806028257952082 0.19595133205652365 0.004601467996912273 0.13554482683186825 0.6948934740604429 -0.706222811602208 -0.1415828307443083 -0.6919003795153482 -0.7079746936613946,-20.42289786184011 -60.18841148161997 647.608385860139,0.2
5,377,1,1.0,-0.9705877588665597 0.2118763052617454 0.11431462551668814 -0.0814789190378623 0.1577171954432829 -0.9841171027951534 -0.22654047781977166 -0.9644862453815175 -0.13581492693755226,-63.32138946092697 -67.21205454767872 618.3763798542498,0.2
5,386,1,1.0,-0.793540639417055 0.47125100613752335 0.38498797748493824 0.21059595930504174 0.8062495120611042 -0.5528210074025961 -0.5709138249490553 -0.35760902325808824 -0.7390353110416549,-62.20000890696976 -104.45761607311509 791.5062781890648,0.2
5,393,1,1.0,-0.9969878155732634 0.05438948726332131 0.05529086067050622 0.054103893423566765 0.998513166279803 -0.006650224228823308 -0.055570354640434416 -0.0036387416939525933 -0.9984481434927008,-25.26960484186518 -100.45201447508114 666.7979520392017,0.2
5,409,1,1.0,-0.9830606449982359 -0.021497923409243825 -0.1820154046907644 0.063660911815972 0.8912143453107952 -0.4490927287532148 0.17186930081434407 -0.4530726542193204 -0.874749171726529,47.75915076844542 -93.72626302662846 712.905109278209,0.2
5,423,1,1.0,-0.9914500470672667 0.11703709513478738 0.05769854879219471 -0.01338911305568899 0.3485994546149065 -0.937176158410878 -0.1297980578510192 -0.9299358787597132 -0.34405192278710395,42.46921535570741 -69.02443065069583 720.4654907134503,0.2
5,436,1,1.0,-0.9992154529384988 0.016228143545689883 -0.03612652717839467 0.028595783611424355 0.9267318603858421 -0.3746336078162831 0.027399995776631055 -0.37537275647395685 -0.9264688521092246,-16.47721737917976 -85.91320427943701 690.3953041314079,0.2
5,450,1,1.0,-0.8567776849735024 0.45891391315049423 0.2352233382305985 0.0727964962028673 0.5592005863457314 -0.8258301122937912 -0.5105219570910069 -0.6904293769441523 -0.5125179087412242,-52.334290292562216 -63.72243749714143 552.73953085458,0.2
5,458,1,1.0,0.5518111665234129 0.6903532367647833 0.46788550414439845 0.4040437112937121 0.26948896160702396 -0.8741420816640575 -0.7295567941319402 0.67140755734528 -0.1302258656165146,-55.15709491492177 -88.57859500655996 653.6337114973284,0.2
5,463,1,1.0,0.7567776727127885 0.5696010676989319 0.32069015850139887 -0.44985389976284307 0.8097684056055955 -0.37670492185679455 -0.47425628404015635 0.1408181556448193 0.8690519110439916,-27.518303971143553 -74.84416964438853 550.7565421332574,0.2
5,468,1,1.0,-0.848266347894244 0.4161115407942853 0.3275597482108679 -0.04325335604806185 0.5620330420288573 -0.8259830548251996 -0.5278004833464449 -0.7148216877554814 -0.45875549532802795,-11.381024555437566 -101.75956071586114 789.4300592671451,0.2
5,475,1,1.0,-0.9079132242429959 0.3741347679246179 0.18898876335560194 0.14174554525495758 0.698361575903841 -0.7015691767042496 -0.3944639117144459 -0.6101756179421594 -0.6870836467445879,22.03437460527646 -105.46332163701503 803.0407828610131,0.2
5,486,1,1.0,0.9447728817099863 0.32639474948410274 -0.029507109221641764 -0.12566770120314483 0.2776517379392449 -0.9524269742576771 -0.3026744635077846 0.9035352676727825 0.3033351104170899,45.221457191448195 -96.3429092311795 752.3507777368791,0.2
5,493,1,1.0,-0.9741670077748812 -0.14848080914019388 -0.17015313773189097 -0.08334341717503871 0.9366550381901595 -0.3401929074019299 0.20988691187523342 -0.31722356272834445 -0.9248333338896334,51.10737431679561 -86.73724172215489 691.0632804456252,0.2
7,3,1,1.0,0.998311049961617 -0.011657037189794404 -0.056913627616674886 0.012652870779593997 0.9997725498881541 0.01716838231090144 0.056700550134621136 -0.01785950654677019 0.9982314789868817,40.963872547125746 85.01062482693905 668.0534613399018,0.2
7,13,1,1.0,0.9989389318672042 0.032725511428900955 0.03240449508518832 -0.02461579061937031 0.9740736123848084 -0.22488810663926478 -0.038923941889182315 0.22385182276972165 0.9738456182529552,-38.329357464639905 95.49950649509876 685.4816066175789,0.2
7,21,1,1.0,0.9991575032016755 -0.00792249111787766 -0.04026807582044267 0.012630171462789396 0.9929290610617214 0.1180354119233245 0.039048208212596774 -0.118444560168779 0.9921925839280448,-78.2800518983963 51.05384161920416 592.902845627394,0.2
7,30,1,1.0,0.9947461079543528 0.004227798357066591 -0.1022854165104635 0.0010308618070787644 0.9986825389859937 0.05130422641872556 0.10236756338607322 -0.051140121680937914 0.9934312104624342,-101.9455683209607 -11.073533835135555 722.6060830257101,0.2
7,39,1,1.0,0.9945005111070376 -0.0032285996497661727 0.10468194472850802 -0.013922630180741077 0.9865780195905273 0.1626959484120103 -0.10380218579919788 -0.16325865185384425 0.981107394130823,-45.63497771355803 -55.04657549516061 603.6791313519949,0.2
7,54,1,1.0,0.999816092646589 0.017426266608215907 0.00800662956597502 -0.017120989712176547 0.9991784359727829 -0.03673315666069309 -0.00864017338847496 0.036589319740640926 0.9992930346423586,54.91203987981736 -53.025100602601505 700.5639420873084,0.2
7,62,1,1.0,0.9960600878622843 0.04776721158618876 -0.07471676428391961 -0.047738571073660745 0.9988575068211337 0.002170230152251925 0.07473506673325163 0.0014051919260284233 0.9972024344314586,87.91107852488979 0.5004594008886296 706.2423087670124,0.2
7,67,1,1.0,0.9659420773285706 -0.039625857206570386 -0.2557062664206925 0.08984759176328194 0.9780828143226455 0.18783348631442667 0.24265884179337938 -0.20441086019910434 0.9483316333077569,85.82959993822489 41.127178092402495 734.2360532214726,0.2
7,71,1,1.0,0.9906828919180686 0.13585539807341188 0.009524624673295455 -0.13604274580121814 0.9904356430502617 0.023013219906824974 -0.006307057611715098 -0.024094559342920974 0.9996897885015896,61.27827687347032 60.69405648221896 629.6328930303825,0.2
7,81,1,1.0,0.9966284577029478 0.0548652904094363 -0.06100423923738254 -0.05737207515383422 0.997546077226328 -0.04012815474087341 0.05865289668197458 0.0434928007680915 0.9973305439984081,0.15848706319595562 78.7645684020089 633.7362160174683,0.2
7,87,1,1.0,0.9754577010769463 -0.07717450190830469 -0.206219227194954 0.10045277509624903 0.9893970060184532 0.1048942536900063 0.1959375241885571 -0.12303520121057251 0.9728673218265338,-46.54331501513815 71.29363334986682 639.6825845298089,0.2
7,94,1,1.0,0.9876198322840044 0.015690836766686665 -0.15607967363137365 0.018472183138820583 0.976428963756358 0.21504710457890544 0.15577498300240894 -0.21526791767294542 0.964050765411943,-81.77846410489241 32.32549098962295 621.7974599749186,0.2
7,102,1,1.0,0.6204960743983621 -0.008078084401788616 -0.7841679451550031 0.3829682530888733 0.8757232737658314 0.29401371551495914 0.684339052504151 -0.4827457843806119 0.546476503502638,-65.63486431737938 -17.45726374331021 497.12716883750835,0.2
7,112,1,1.0,0.9503183701951987 0.06144294962472406 0.3051553034291802 -0.1318192655257301 0.9675204567084495 0.2157031457511233 -0.2819905610225252 -0.2452120098855007 0.9275518280409536,-35.392739717620216 -49.8984205672778 448.06017014462685,0.2
7,130,1,1.0,-0.9343147699368599 0.11467727147463136 0.33749819863958697 -0.09558945109345873 0.8315435892150188 -0.5471726565491505 -0.3433927307289478 -0.5434927622724491 -0.7659615198167459,56.71820586547718 -26.758560626050848 626.8258611523545,0.2
7,155,1,1.0,0.9996485762552246 0.005558742061631045 -0.025919575181597307 0.005580173740984284 0.9117337200475296 0.41074381966051937 0.025914969649271265 -0.41074411026207674 0.9113822964229074,-16.389379973668756 45.85796541372531 502.39308233398054,0.2
7,166,1,1.0,-0.9758043228712822 -0.1842060454847486 -0.11778818392601738 -0.03804259845724928 0.6735394169445841 -0.7381716700907519 0.2153106689607811 -0.7158301381115635 -0.6642503513005024,-71.67816625810299 28.48137027412004 583.6620287692386,0.2
7,185,1,1.0,-0.9825792546523703 -0.17009920813987617 -0.07486165718830648 -0.014371015212256963 0.4711576720223034 -0.881931925953637 0.18528756636256385 -0.8654921764433862 -0.4653942525071927,-35.21895238605539 -58.84581202534174 685.0672583435663,0.2
7,198,1,1.0,-0.9910393775175967 0.006876158018940953 -0.13339291832939595 0.08469722206810404 0.8045738955527588 -0.5877816152016027 0.10328278067267851 -0.5938127356717411 -0.7979468040982194,56.21305703710924 -51.112258262219896 688.3387820170666,0.2
7,207,1,1.0,-0.9700034443955885 -0.0965118467971806 -0.22311158931909422 -0.09699476053261842 0.9952458142127732 -0.008819621373674823 0.22290207331901293 0.013085592067327914 -0.9747530112753348,85.814302504382 -18.28103082965176 680.0535509664526,0.2
7,219,1,1.0,0.9222872216870439 0.2219902870591644 -0.3163962597190163 -0.09139450749817174 0.9206516869075264 0.37953592108454315 0.37554403831236627 -0.32112424985621335 0.869393979414583,22.52439427121952 9.850896949226717 350.03520293633045,0.2
7,229,1,1.0,-0.9999020965649928 0.0129449092430311 0.005312872068993341 0.00804717749553895 0.8425945127522991 -0.5384883750036493 -0.011447279995138279 -0.5383929015174747 -0.8426161898375248,-30.31042856471001 41.15273735177778 614.7867927848873,0.2
7,239,1,1.0,-0.9992664554293045 -0.03557814410639778 -0.014168511414332745 -0.015497895465320696 0.7140264626675114 -0.6999471593246637 0.035019512987756934 -0.6992141347773689 -0.7140540787907003,-82.40503713593385 10.745017562617656 626.0345731389438,0.2
7,251,1,1.0,-0.9706261298133794 -0.19984339011899535 -0.1339684125055146 -0.03506572806426653 0.6683861713335582 -0.7429874296954087 0.2380237610803249 -0.7164653134631249 -0.655760736675628,-76.46916957422278 -48.62445991630939 737.3785294201114,0.2
7,270,1,1.0,-0.9962403441783576 0.06198742119839339 0.06052054398764503 0.0022830194728303763 0.7171326042130293 -0.6969330066776325 -0.08660233515023821 -0.6941746088613521 -0.7145779509323769,51.73961122355689 -58.35748250035342 750.8706637549988,0.2
7,277,1,1.0,0.8593521672683035 -0.43634074358500563 0.2666844729243792 0.1022036267415665 0.6575183436990082 0.7464744110685801 -0.5010671325203242 -0.6142282826335803 0.6096354201659075,55.37606686771542 -23.28132228147885 443.3930787848319,0.2
7,285,1,1.0,-0.9920264041191877 -0.06580584497735104 -0.10748583300682354 -0.0008802190176083816 0.8564545626370594 -0.5162216649392436 0.12602713495448095 -0.5120109109237619 -0.8496834636205324,93.0454826418448 8.099931322945855 790.4025955661546,0.2
7,289,1,1.0,-0.9993282416541303 0.03534302237969821 -0.009692069001635682 0.030244660837326385 0.6460089158974551 -0.7627304511240064 -0.020696036415203074 -0.7625112139175813 -0.6466438917415345,52.85773421613263 16.143046342241504 631.4399859234028,0.2
7,295,1,1.0,-0.9901905048741777 -0.12913502705606186 -0.05335643207947296 -0.04349683040892533 0.6477865696859048 -0.7605791121763371 0.13278098433660757 -0.7507973794052548 -0.6470490748597075,13.437781622135399 23.728079323493922 643.4359828399068,0.2
7,306,1,1.0,-0.9974171300248261 -0.03128277944659852 0.06465644935452748 -0.06653593409267627 0.7414925467485479 -0.6676539317571406 -0.027056204601794098 -0.6702314457159175 -0.7416587968642299,-65.21124112835518 8.99759773919105 610.267937951644,0.2
7,314,1,1.0,-0.8826279675088728 -0.35046228835189075 -0.31327951642951735 -0.1063848368588977 0.7980837210162347 -0.5930806359470736 0.4578756790414422 -0.4901413660282467 -0.74169488595399,-85.84818237727585 -18.98325977851897 679.4257223180642,0.2
7,328,1,1.0,-0.9915449387313147 0.06832255910912521 0.11032072512947703 -0.04253462259931441 0.63207167637556 -0.7737416893279849 -0.1225946179758615 -0.7718921063468458 -0.6238213973588774,-41.68273680170945 -56.18635391023921 668.3159556220778,0.2
7,342,1,1.0,-0.9921271756524549 0.11624812463672056 0.04658369725911019 0.036998979660598605 0.6274470811794737 -0.777779683344476 -0.11964423444511466 -0.7699328112490104 -0.6268083625209846,48.600309836783474 -49.48508441403888 701.2480156732292,0.2
7,348,1,1.0,-0.9929658981267697 0.11643069196636824 0.021508582601606166 0.0713882015952764 0.7336605069460942 -0.6757558621429727 -0.09445872024482237 -0.6694670675364345 -0.7368116419098422,77.1446015944493 -32.602438285232864 696.4989452820763,0.2
7,354,1,1.0,-0.9907331863937733 -0.09284311194766467 -0.09913581563650083 -0.01319374122212786 0.7922261760917004 -0.6100849212262881 0.13518017077443126 -0.603123405679962 -0.7861097117771791,83.10690991191312 -9.837697220007989 689.9974505706984,0.2
7,366,1,1.0,-0.9663180323886157 -0.15150324613021088 -0.20802938901175236 0.023086510629756418 0.7540573709824988 -0.6564026921744796 0.25631323279834073 -0.6390964306573549 -0.7251615537337128,28.40382444252242 0.3747233833649206 620.0984820446748,0.2
7,378,1,1.0,-0.9993470476825862 0.01715339796443046 -0.03179998783604533 0.03385055412914557 0.7522410313066697 -0.6580179107013945 0.012634012555342206 -0.6586647035912524 -0.7523305058083177,-72.74218365852333 -10.54645481194598 731.3710780821368,0.2
7,385,1,1.0,-0.9984907030329904 -0.018505453894911334 -0.05170942015559557 0.013162121753759642 0.8334564976842396 -0.5524282985319089 0.053320488628892077 -0.5522751258603487 -0.8319549932828771,-86.80481068815037 -23.09971193507063 650.5532797446645,0.2
7,393,1,1.0,-0.6602066083846957 -0.5518657211955718 -0.5094815600337941 -0.17286733518631628 0.7717650883086193 -0.6119604014097413 0.7309200494382124 -0.31594758147085306 -0.6049239680257015,-72.30796612889682 -34.27212938619135 652.6830230333252,0.2
7,399,1,1.0,-0.9993112553127953 0.01489587052722535 -0.0339871747340285 0.03654615751873518 0.5538628809140125 -0.8318054384988395 0.006433768396596326 -0.8324746375637321 -0.5540257976280094,-57.94787333287863 -60.79109237828634 822.0085635825951,0.2
7,413,1,1.0,-0.9564733670289405 -0.2304319240627276 -0.17905258036976485 -0.10366694322419966 0.8418556060769222 -0.5296530028229891 0.2727853790929278 -0.48803715728375446 -0.8291006392854365,44.61154965032388 -52.711522769854696 718.7232151458409,0.2
7,428,1,1.0,-0.999007356357671 0.012995201288220192 0.04260782424315878 -0.02221548918816366 0.6837180328563542 -0.7294080638347571 -0.038610542386605405 -0.729630575216333 -0.6827506497441767,72.57773647508105 -15.751415069742716 648.0611893286358,0.2
7,435,1,1.0,-0.9951879150629696 0.07407763118242647 0.06413671546797425 0.01155769794790644 0.7387341383486663 -0.6738978353255027 -0.09730073653762569 -0.6699137089182858 -0.7360354538149515,47.07047964533931 -27.853277417158907 660.0160252827366,0.2
7,447,1,1.0,-0.9911668178257654 0.04929352749565971 -0.12311980908115724 0.1325600786964799 0.3400904432792695 -0.9310028549505596 -0.004020544382173259 -0.9390999087089424 -0.34362071632211977,-36.961205701974976 -21.962334726473593 608.042591925503,0.2
7,450,1,1.0,-0.8521027931115562 0.48830680254026454 0.18835417851586758 0.29711601826371276 0.7475923955085777 -0.593992998164846 -0.43086297318590905 -0.4501800492810057 -0.7821093411836672,-63.19857855035753 -32.70332529887013 656.4375691946173,0.2
7,458,1,1.0,-0.9984546123149926 0.052039415938466504 0.019500931662386534 0.03180151244562947 0.8227994462454481 -0.567441393506284 -0.04557467447045854 -0.5659443174438331 -0.8231828342476205,-88.18394139322768 -43.22044579286369 673.4193156805376,0.2
7,486,1,1.0,0.6771914844637028 0.5727824347986837 0.4618787457287229 -0.18540069777506515 0.740290797873405 -0.6462167715623578 -0.7120662010195159 0.3519798530740774 0.6075128874316867,41.46910362978156 -60.84523548519035 765.4827209770971,0.2
7,493,1,1.0,-0.9460198356555053 -0.06824127169913277 -0.3168431779022798 -0.01083435001105739 0.9836950062739537 -0.17951810909076538 0.3239275959318201 -0.16639490217122394 -0.9313343379932151,63.95608100889634 -37.62328299719799 565.9933962510346,0.2
9,0,1,1.0,0.9913517198178439 0.003283645940612503 0.13119064480190626 -0.000820360810769627 0.9998224383564174 -0.018826013044939506 -0.13122916833670548 0.018555576745678863 0.9911783875515506,51.09889413783888 -7.454331489429463 675.8595851511066,0.2
9,0,1,1.0,0.9996778223804612 -0.016140057876116345 -0.019589537320078072 0.014448117914922436 0.9963917661623402 -0.08363432436870002 0.02086871652439637 0.08332434731606392 0.9963039444943377,57.59960848022514 41.650626796177825 555.7977585398271,0.2
9,0,1,1.0,-0.23470755159323145 0.7741633608736372 -0.5878634670618214 -0.01721125231975129 0.6013522826216758 0.7987986010123491 0.9719136474083984 0.1976019303208718 -0.1278176009584317,36.524120231708956 42.70390666001347 761.0517786693115,0.2
9,11,1,1.0,0.992539378055973 0.007809157792406908 0.12167415527890706 -0.02576363989891166 0.9888457334550552 0.14669816047549136 -0.11917138023628619 -0.14873847008190952 0.9816695216060604,35.37045992742183 43.048691292901204 674.8778406879577,0.2
9,11,1,1.0,0.9864624055212862 -0.15124822042955946 0.06337111573934108 0.15268704210863568 0.9881017049667772 -0.018484799535395044 -0.059821314472964245 0.027910508032628553 0.9978188281827955,-4.836513649223205 68.69084151041002 511.86310715071863,0.2
9,11,1,1.0,-0.0043044903180349744 0.152717694343858 -0.9882604804389367 0.22183121950339446 0.9637923418260209 0.14797037504565347 0.9750755772845193 -0.21859009051603978 -0.038026187180031035,-12.971539774268177 62.3627310599044 733.6046658548252,0.2
9,21,1,1.0,0.9998491953404888 0.016900241460364247 0.003996049994509694 -0.017133372007407523 0.9975280995949248 0.06814791326367657 -0.002834455967733472 -0.06820610205193657 0.9976672258334679,-13.400729522026522 57.25870587960141 647.4096701433449,0.2
9,21,1,1.0,0.9856503520446915 -0.03183091389337684 -0.16577145844471558 0.042115590722134395 0.9973751073962792 0.05889967881394798 0.16346149556486173 -0.06503605205555604 0.9844037034675995,-70.64642579968319 55.063249409563625 625.7191145597124,0.2
9,21,1,1.0,0.00795424019161281 -0.6966908307593929 -0.7173274122733364 -0.16104840339502896 0.7070930567228052 -0.6885367244369118 0.9869144551717166 0.12100122094502597 -0.10657655794276162,-54.70749765112793 39.489400375457365 765.9604416898438,0.2
9,31,1,1.0,0.9620322374873579 0.04884531724030848 -0.2685295309994069 -0.03307258630153899 0.9974683515929978 0.06295309051726447 0.2709246723175929 -0.051681936438578435 0.9612121510756945,-65.98252468172664 40.83611593087546 774.6747443587225,0.2
9,31,1,1.0,0.9804602116072507 0.0775314642341407 -0.18079448417685587 -0.08130554592739297 0.9965971543217852 -0.013546962728536538 0.1791289525914608 0.027981852180117145 0.9834275948396284,-104.6444963493712 -14.08309415568952 741.8940038191392,0.2
9,31,1,1.0,0.9247908063734899 0.37413571460549166 0.06916958510580101 0.018234908567376223 0.13800513322312358 -0.9902636372772694 -0.3800387513880788 0.9170480087000387 0.12080354788947224,-60.23741986563227 -6.148980894400076 751.548912500301,0.2
9,45,1,1.0,0.9920556016967292 0.05000479889888223 -0.11543484408627633 -0.04835097170548921 0.9986842849734582 0.017084568539696227 0.11613727514142719 -0.011367455042134244 0.9931681198511103,-57.23564648814248 -31.79738147374485 668.464136774515,0.2
9,45,1,1.0,0.9976741953428849 0.053053188277644214 -0.042796719039009334 -0.05380923227175549 0.9984113930860421 -0.016710974786439407 0.04184216138360132 0.018974966918695286 0.9989440345490748,-24.60843027553506 -83.54918089517136 709.4317733340239,0.2
9,45,1,1.0,-0.10272228124433483 0.310315873350066 0.9450672947906649 0.02822913608552957 0.9506199837974514 -0.3090708046399687 -0.9943094331302627 -0.005070024844010729 -0.10640980235042581,-13.743758756357929 -45.15337189868894 813.2225924036048,0.2
9,57,1,1.0,0.99874803883126 0.0029534115283925263 -0.04993628231112056 -0.013086565930515937 0.978916635401616 -0.20384053258889884 0.04828143248556564 0.20423882660827158 0.9777297198013458,-1.9152649672433357 -56.24360192839456 696.2986548383947,0.2
9,57,1,1.0,0.9947003549393715 0.004299638565910398 -0.10272641817804656 0.010182981288159764 0.9900931386895155 0.14004243504034317 0.10231085365479728 -0.14034632103530995 0.984802213338435,66.07020530781155 -59.65366052930003 769.3280716808898,0.2
9,57,1,1.0,-0.3030404740445202 -0.6493067714447571 0.697543681533177 -0.026342085619746547 0.7373899095783083 0.67495349156612 -0.9526135447368331 0.18616347065974093 -0.24056308232113544,36.401268225645154 -22.046601313988575 789.923786476566,0.2
9,64,1,1.0,0.9910049673949456 0.05127015052549394 -0.12361442579098944 -0.09022382330525386 0.9381737505475016 -0.3342000530996614 0.09883732243806068 0.3423468788359657 0.9343606360739666,30.218592746884106 -40.601302820129185 648.835994697647,0.2
9,64,1,1.0,0.9972840860315242 0.01722277502424516 -0.07160885258633717 -0.020318538880721836 0.9988800108261002 -0.042730328220159 0.07079271661703715 0.044069263580347684 0.9965170802758303,83.63897166851872 -7.704608769243864 689.4585061227127,0.2
9,64,1,1.0,-0.8374671568630169 -0.5123535339274737 0.19011211809825307 -0.22777861053924772 0.6434791408353691 0.730788272956391 -0.4967551366182184 0.5687077031145296 -0.6555958226389268,41.86214870694206 13.242126738247283 691.0984842193794,0.2
9,70,1,1.0,0.9989818130886863 0.038385449032061404 -0.023704312279587483 -0.03751436062000183 0.9986416469330494 0.03615983625681017 0.025060125005946024 -0.03523376666571265 0.9990648486565987,46.482543705663154 -15.327839930522032 658.4670403067972,0.2
9,70,1,1.0,0.9938347686726584 0.08360549233775773 0.07281877661925353 -0.07949144141009674 0.9951655669260308 -0.05767672968656318 -0.0772888304990363 0.051532669790656654 0.9956760620926559,66.01889087708231 32.79332897121077 592.1480238205367,0.2
9,70,1,1.0,-0.7973004599852833 0.5378934072990608 -0.2738296165345567 0.10302598010471006 0.5682966292560464 0.8163483255324777 0.5947248304306114 0.6226633308300908 -0.5085201593927792,38.58070774819138 36.86843981684597 758.012371942005,0.2
9,91,1,1.0,0.9926010525857201 0.11304008486033915 -0.044329331378760196 -0.10574377799596174 0.9842067069412163 0.14196975532509626 0.05967749844674596 -0.13623177759500266 0.9888778989098929,-0.08487790735659062 37.37074038608066 601.0176669855072,0.2
9,91,1,1.0,0.9627844637867191 0.063807074166242 -0.2626304125139802 -0.022626054293148307 0.9873497309162619 0.15693492449645763 0.2693216254927243 -0.14515221715815796 0.9520486835745469,-56.026290738466216 48.513954701998145 588.3046466780125,0.2
9,91,1,1.0,-0.0961026482877607 -0.4589452907563769 -0.8832516635051549 -0.18503110015233026 0.8801294767513729 -0.43719057186743265 0.9780223785622174 0.12141385524683385 -0.16950192561031158,-48.34266373035457 35.979833032813005 747.3116443679387,0.2
9,100,1,1.0,0.9988928597836106 0.00865025900117003 -0.04624097417369698 0.014558247063404944 0.877854914904468 0.4787053434217233 0.04473379165419242 -0.4788485370106938 0.8767570738163208,-42.4534256356617 28.190060148899704 616.9633739337874,0.2
9,100,1,1.0,0.9660186862460147 0.0872892638299976 0.24328683121685968 -0.15245123000567143 0.952513552112585 0.2635840577721339 -0.20872594542433281 -0.2917165018676229 0.933453245880497,-89.02763821356325 -0.9086362214390666 606.9237091063059,0.2
9,100,1,1.0,0.9087825901818716 -0.3875113174233098 -0.15475523464871505 -0.00025012239183222484 0.37036962329832884 -0.9288844274594352 0.41726986617909173 0.8441927037156294 0.3364885403281634,-58.208911658736284 2.653386842546862 719.6288270632782,0.2
9,108,1,1.0,0.9626197809608316 0.14043302695422705 -0.23160682684971526 -0.12358838061822547 0.9886194745028177 0.08577556067981823 0.24101674107639345 -0.05394533876291707 0.9690205523861033,-65.7809435083931 -0.06493754624612569 655.143010002019,0.2
9,108,1,1.0,0.9977654624565296 0.015753810383444505 0.06492995754896184 -0.03599896571671515 0.945440934094774 0.32379857103657494 -0.05628637842528402 -0.32541244228886457 0.9438954317123068,-67.64494669132614 -42.609814092288275 573.0291540851499,0.2
9,108,1,1.0,0.5558237469746339 0.708687621772824 0.43453632419517857 0.05761326426714952 0.4886223885575032 -0.8705911056178119 -0.8293013168201062 0.508930266486814 0.23075811962767145,-54.29988465978159 -31.91196809453159 799.8436398156273,0.2
9,118,1,1.0,0.9489749236454017 -0.055519090271278784 0.310425876672119 -0.062041892729181175 0.9322721721676328 0.3563978122104908 -0.3091882886507586 -0.3574719955706924 0.8812584039564797,-43.39943072526294 -37.32335352472414 497.93351666462434,0.2
9,118,1,1.0,-0.9099452126597264 -0.03652465743726603 0.4131170044391004 -0.2245280459696709 0.8808929384695908 -0.4166710783429193 -0.34869308357162276 -0.4719042067554603 -0.809765122190264,-29.111961967764273 -86.74670721990462 752.1133928667539,0.2
9,118,1,1.0,-0.20407126822009616 0.22959739550900482 0.9516511721542317 -0.06816863422987658 0.9664157108507497 -0.24777754363152643 -0.9765797227027985 -0.11543703823436095 -0.18156633886655263,-10.650139105399697 -49.91906832148694 804.9584103722291,0.2
9,128,1,1.0,0.8924591551315074 -0.25373887529655664 0.37300568304677933 0.13618601930697163 0.9397872161236407 0.31345391456464317 -0.43008141620776535 -0.22894665661200636 0.8732773922751619,-8.506296721877304 -53.91710316718126 580.8801567354191,0.2
9,128,1,1.0,-0.2272457450012318 -0.037128006725775695 0.9731294274121022 0.197643248771938 0.9767182128967372 0.08341869581021671 -0.9535704051582709 0.21128900518572752 -0.21461695807628214,45.928718546186396 -73.43948692529776 716.5359262704307,0.2
9,128,1,1.0,-0.13856133104942758 -0.5602994815352642 0.8166181779320889 -0.162786822355192 0.8262420688617864 0.5392814609371382 -0.97688341576941 -0.058211121225321794 -0.2056945729969092,30.913183266203184 -33.92169286718239 813.4997846394294,0.2
9,136,1,1.0,-0.3555214035713482 0.12458339211036984 0.9263279710841793 0.06562686303357454 0.9919581404379592 -0.10822274468538576 -0.9323613282687301 0.022316496793618447 -0.36083836758281324,14.392531290357002 -44.1417467360148 596.327340534176,0.2
9,136,1,1.0,-0.9873343097110973 -0.006357904771054197 -0.15852614268389073 0.05583700477219621 0.9213443997772138 -0.3847164227027944 0.1485031641594913 -0.3886953486293444 -0.9093199306011782,83.83001514925523 -14.97494516686384 697.4741328280653,0.2
9,136,1,1.0,-0.7329752736727746 -0.5998083811389171 0.32090053614762437 -0.12077836327593036 0.5789890760314536 0.8063400255479267 -0.6694474102935261 0.5522694593690249 -0.49682855101084544,40.83599431809223 1.3239035029332888 651.5859406726315,0.2
9,147,1,1.0,-0.9609525878607156 0.0690676609498718 0.26795481353151157 0.05555146096594107 0.9967866904293214 -0.05770900248236848 -0.27107961758188887 -0.04057033391376067 -0.9617015591844399,49.473860403034706 -22.488971012027786 699.5393294962803,0.2
9,147,1,1.0,-0.98968681129005 0.035236742409210584 0.13884663317099208 -0.04068103636978457 0.8602296063360861 -0.5082814945113996 -0.1373501686872403 -0.5086879164745794 -0.8499244288725545,51.64088110251146 34.967400545793836 626.092172595585,0.2
9,147,1,1.0,-0.543003668594867 0.6368925923916366 -0.5472794913471327 0.18097075120621597 0.725173701535782 0.6643588561980267 0.8199979287171241 0.2617077155101717 -0.5090309111852376,38.365585273902234 30.92426945562333 884.6114330900768,0.2
9,161,1,1.0,-0.8620481066434388 -0.0016158449518126616 0.5068238854647185 -0.2703548471579753 0.8473079399579989 -0.4571405817714279 -0.4286972340132954 -0.5310994670767647 -0.7308570568997239,2.3567991817371574 29.12794556662513 624.1492532059137,0.2
9,161,1,1.0,-0.9098164786335846 0.002328268746984538 0.4150042823531174 -0.13632276546397853 0.9428194240530613 -0.3041506818083886 -0.3919822429945486 -0.33329583374668276 -0.8574752523449679,-48.72375249517898 44.644357152028405 578.6072182890808,0.2
9,161,1,1.0,-0.2899251654141754 -0.23282357528669864 -0.9282976792227168 -0.05024691247893462 0.9723232939770985 -0.22817243430322445 0.955729379189474 -0.01950883851601548 -0.2935996576528296,-38.58343887875857 32.80324246395362 738.0637424633004,0.2
9,167,1,1.0,-0.9997066515946046 0.02087389681361877 0.012283777485707085 0.006589260909674102 0.7224465547111472 -0.6913953696884707 -0.023306488327678388 -0.6911116089444651 -0.722372169718646,-15.805902907263803 35.10278643966478 602.9651567606327,0.2
9,167,1,1.0,-0.9914754169826382 -0.06929545187743162 -0.11033874146557218 -0.016064681818394308 0.9053982205405975 -0.4242593407810766 0.129299742912264 -0.4188701500358106 -0.8987932876317002,-73.54177540392844 25.757786619511215 642.6482997567332,0.2
9,167,1,1.0,0.4447017994984731 -0.6537861256660991 -0.61221239076756 0.07411339013508522 0.7080333218650453 -0.7022791613962598 0.8926071447873943 0.26693167106070587 0.3633179985346647,-62.32167871575423 17.88365515720671 837.0425609233293,0.2
9,179,1,1.0,0.9937192926649041 -0.031664286463599214 0.1073281899051398 -0.000388050002192903 0.9581492351808065 0.2862689164747566 -0.1119009240478309 -0.2845125938955717 0.9521190929248583,-47.99257796311522 -3.4364570015219664 526.2006346661166,0.2
9,179,1,1.0,-0.9817508332147447 -0.15342806670071635 -0.11236160300847983 -0.016251272495746885 0.6563677809061363 -0.7542660222564864 0.18947611359858443 -0.7386752767873269 -0.6468830171203617,-75.71372730795343 -32.94135380141536 626.7952714407079,0.2
9,179,1,1.0,0.6591113160845717 0.6297534155779821 0.41107530767139133 0.016406064926177577 0.5344390883346049 -0.8450477512506109 -0.7518664203453309 0.5637246636683033 0.34192307545580564,-57.228881397135076 -31.315458189209593 803.1457841489845,0.2
9,195,1,1.0,-0.9779899737328803 0.20245327243592992 0.050480528503010026 0.1852551761140258 0.9538440645129189 -0.23635147623070635 -0.09600068229404082 -0.22179759483244177 -0.9703554482382333,-46.05078350754507 -76.66272980716015 846.5418699701652,0.2
9,195,1,1.0,-0.983223030814109 -0.04435751198198233 -0.17693185922124377 0.08489960236118711 0.7472252936943145 -0.6591254948660065 0.16144512750662388 -0.6630888112419134 -0.7309231828380847,20.252715736063525 -80.07538973630999 746.3926071636778,0.2
9,195,1,1.0,-0.17060054971650562 -0.01754187065841167 0.9851841123415611 0.010802475598545235 0.9997481313671472 0.019671816104280697 -0.9852810558197945 0.013998449974956457 -0.17036808515954424,12.556085716726074 -51.46342386553985 851.1307322062573,0.2
9,204,1,1.0,-0.949087366858182 0.18096282905835995 0.2578480648936455 -0.005459916971551654 0.8089587843427777 -0.5878400076052321 -0.3149656479314317 -0.5593193539775381 -0.7667845205070868,8.002302042757336 -61.45179212294636 752.4148159903601,0.2
9,204,1,1.0,-0.9459001123455113 0.25822650999923186 0.1964485861449904 0.18051367723709233 0.9219412223810058 -0.3426940250499863 -0.26960673173177996 -0.2886926601218576 -0.9186777227062131,62.64369787931865 -49.061213242664216 680.8177709765155,0.2
9,204,1,1.0,-0.5563478074751698 -0.545054053600979 0.6272106470482722 -0.16220848048290246 0.8115284591645231 0.5613465674834772 -0.814963512052533 0.2105650460527466 -0.5399044687755468,42.39835287890446 -23.65546418589383 766.656355778602,0.2
