scene_id,im_id,obj_id,score,R,t,time
5,7,1,1.0,0.9234582815684442 0.3621012835894993 -0.12691517886168355 -0.3553415416457975 0.9318676809623324 0.07317796088080472 0.14476598697015822 -0.02247855868870801 0.9892105556532614,-36.889177974208614 31.01264082369731 576.25789698081,0.2
5,7,1,0.0032958679521659,-0.37036913863443455 -0.575223625913573 0.7293452415269664 -0.3321257502139727 0.8152844277740324 0.4743456417782024 -0.8674786378879845 -0.06655134874674395 -0.4930027695540832,-15.306401780341545 -85.86591204463159 721.1286112192668,0.2
5,20,1,1.0,0.9908104820632557 -0.0859026044185838 -0.10447646236202242 0.08545433647189118 0.9963035102476506 -0.008767659115085098 0.10484343094217964 -0.00024087821369337282 0.994488711331586,-62.99860551616872 -21.457978898495245 623.3992743706681,0.2
5,20,1,0.0048239603993378,0.9331808522084561 -0.16095608395930613 -0.3213512659193743 0.1951301549051255 0.9777570038789225 0.07691205375241528 0.30182398797676985 -0.13447817816358715 0.9438314997284214,11.012368707186328 4.6678825571612474 538.9723193737249,0.2
5,20,1,0.0015202500073671,0.8222116641175248 0.17274241931365508 0.5423357225545409 -0.3241455430092221 0.9253339101163413 0.1966896584369888 -0.46786498729478265 -0.33751623865892455 0.8168140194102845,14.747413783865827 -0.39044086447385484 565.6506908984852,0.2
5,25,1,1.0,0.9957369218540862 -0.012579716900571 -0.09137687442263989 0.0009733013435545348 0.9920341139903056 -0.12596574678841857 0.09223359009083429 0.1253398077315058 0.9878172388943134,-53.58646110911213 -42.17412000125436 609.223637313496,0.2
5,31,1,1.0,0.975417355296828 -0.03319112841545785 -0.21785162836263144 0.009720298469996351 0.9941101951411411 -0.10793718411231895 0.22015108172206577 0.10316621981516547 0.9699949650929397,-35.09114030968486 -64.82255075298589 659.9345710267751,0.2
5,43,1,1.0,0.9992843537758139 -0.012131457389093192 0.035827476054985444 0.014457097243782852 0.9977554813303481 -0.06538342155722125 -0.03495386442351897 0.06585459146378568 0.9972168270466559,22.85433546950064 -58.19471703775559 601.8613160450982,0.2
5,56,1,1.0,0.9989933636706633 0.044841532248860935 -0.0012232446804321948 -0.044772994487876513 0.9950446645958965 -0.08877778113823558 -0.0027637486431331404 0.08874318252583825 0.9960507061634079,67.97595861234734 -10.6461060216159 824.2362462654993,0.2
5,56,1,0.0012104823856321,-0.24349791467248022 -0.7504834573402965 0.6143967332340795 0.5281400019961664 0.42871590385581 0.7329875933960854 -0.8134967140939432 0.5029684423894314 0.29196890608197673,15.008500247166506 -39.41019827405137 710.4765593024559,0.2
5,64,1,1.0,0.6795396069025229 -0.5208741284420084 0.5166392019296859 0.6427750771486613 0.762172584811817 -0.07702695085362149 -0.35364689005743755 0.3844256667823465 0.8527313667689556,26.88356868381443 22.8779189667422 558.2698587634789,0.2
5,70,1,1.0,0.9686340727788271 -0.009619980609653689 0.24830523358353077 0.011072157909528483 0.9999287888392504 -0.00445247905061523 -0.2482447187174953 0.007062097672759044 0.9686716091665596,5.1991898099842535 51.53664566388477 806.1469102453627,0.2
5,81,1,1.0,0.9973375859788568 -0.06523214539758208 0.03259611634374767 0.0672070278257713 0.9957038825360198 -0.0636945344085513 -0.02830114846949545 0.0657156412851981 0.9974369651691192,-42.01539225737136 7.060310328821108 589.9052787088586,0.2
5,81,1,0.0010889247479429,-0.8134723647744762 -0.03293129993909716 0.5806705100420917 -0.3933250559427789 0.7666150833704943 -0.5075398647559225 -0.42843682394937943 -0.6412619148469457 -0.6365728901319918,-217.9885240674504 -169.43400209956678 760.7914774633368,0.2
5,86,1,1.0,0.9976511972277434 -0.06709863956967364 0.01377901440412913 0.06315569650765308 0.9789164421161826 0.194252303340856 -0.02652256904380472 -0.19292581974037 0.9808548217798712,-55.154505276098746 -11.5753908335118 600.1399194686145,0.2
5,94,1,1.0,0.9742313839629128 -0.07014738827035133 0.21436546928214972 -0.00227578397184202 0.947302856982608 0.3203312628512898 -0.22553942295975932 -0.3125646190333084 0.9227325330882952,-48.31667463633499 -37.71975479813942 492.25403957391694,0.2
5,94,1,0.001423627494311,0.857680658870754 0.06620482544717322 -0.5099027441449386 -0.20349375194821884 0.9544140753404675 -0.21836681458050644 0.47220141922390085 0.29105101593966276 0.8320547613008558,15.795433213741125 -3.2535044426255517 640.0491879739621,0.2
5,100,1,1.0,-0.9825060726285897 -0.16942758681878575 -0.07730530429865232 -0.0888400104691078 0.7912365341766356 -0.6050224785278606 0.1636742795548318 -0.5875704551872138 -0.7924466483008792,-46.03676390594541 -59.7373519618352 656.5277209666777,0.2
5,100,1,0.011264691208279,0.9767984829384578 -0.20484937482892274 -0.062461647123069376 0.1133819303700671 0.7420877120083015 -0.6606439022286071 0.18168451115789863 0.6382339393345388 0.7480963688501847,-76.80897785220982 -33.28456872405043 647.0432754607066,0.2
5,100,1,0.0027325743093563,-0.9464789173505668 0.06173540945020724 0.316806562796471 0.12468300438455397 0.9752778857663508 0.18244778418155425 -0.29771094610131543 0.2121833753033752 -0.9307773137632475,651.4672230497855 -534.7686967775226 2091.926839711059,0.2
5,107,1,1.0,-0.9958307230127336 0.009519029410267787 -0.0907224293271664 0.04323160293544377 0.9250067403251971 -0.37748319016955645 0.08032558503719953 -0.37983143423371357 -0.9215616539094884,-13.428777327824154 -70.44490515474966 621.6980384866738,0.2
5,117,1,1.0,-0.9001114720226598 0.22306010636322549 0.3742238994003815 0.3168040427565636 0.9247741280548288 0.2107795307270814 -0.29905607572209225 0.3082807179011651 -0.9030661451654826,18.13614845728398 -49.39843153198817 432.03868813898026,0.2
5,117,1,0.0061332288485418,0.9122312654851974 0.3662912146057594 -0.1834798745746048 -0.4035483997670106 0.7262583414051195 -0.556504726471366 -0.07058900280327068 0.5817040206515015 0.8103317993520416,-1.5352728146739514 -68.92824549543586 553.6719338697109,0.2
5,117,1,0.001820053660689,0.8434222602025234 -0.037096262139371866 -0.5359689900825922 0.417235792101862 0.6737030001093413 0.6099496384397689 0.3384570649048394 -0.7380705487817272 0.5836939953751806,-665.9972453150186 -494.36805187441195 2045.1611926005974,0.2
5,127,1,1.0,-0.9635750491724409 0.192934005739277 -0.18520149578695327 0.22876352837511138 0.9533202084028496 -0.19709852443922038 0.13852932071477808 -0.23228656801490905 -0.9627318305853179,54.99704016230863 -31.953641904394814 654.366884378034,0.2
5,138,1,1.0,0.9862640078860054 -0.09560069129679567 0.1346989776212434 0.11026932318763112 0.9882324147058384 -0.10600646625753264 -0.12297960445689848 0.1194035273693471 0.9851998855762126,21.45188068238806 8.249046972690989 538.0889658781153,0.2
5,149,1,1.0,-0.9934192164485959 -0.10505570914690639 0.04562409852587191 -0.10996009663259919 0.7633466558538478 -0.6365615917924186 0.032047426405365294 -0.6373893480223756 -0.7698751726665849,-30.127126012053665 1.5930302253224582 637.2251268108748,0.2
5,171,1,1.0,-0.9752816114953274 -0.13699190831874816 -0.17337530197310347 0.03321646152355836 0.6848172864042594 -0.7279573826301645 0.2184546748479672 -0.7157223632785924 -0.6633393202124953,-43.056035466312736 -66.97297176612152 645.8462100532423,0.2
5,171,1,0.0038863670477494,-0.32974786748926954 -0.7109914229078567 0.6210938257926416 -0.3598820043390474 0.7028809268220516 0.6135497906956553 -0.8727836426281078 -0.021203755828483106 -0.48764650506240387,16.5157253833396 -8.705451439620667 913.1354004336253,0.2
5,188,1,1.0,0.9714951924408327 0.14242480882127656 0.1895053162752231 -0.14129227835710728 0.9897749812623287 -0.01954427138101549 -0.19035120998041288 -0.007788472210894968 0.9816851616275011,23.06892556352336 -70.25878978288475 510.31077156616163,0.2
5,188,1,0.0093016247735336,0.9620112760934878 -0.26403726158523577 -0.06941634651542017 0.2714287725266187 0.8976834811926596 0.3471178316343329 -0.029338134120495844 -0.352772861893312 0.9352489410835653,-19.644619797465364 -3.6427772649525685 654.1181697952125,0.2
5,188,1,0.008463099595152,0.9957656452935972 -0.03238895387115634 -0.08603333842271864 0.04574701551025856 0.9863545327197503 0.15815165618831614 0.07973700662133042 -0.1614177544458332 0.9836596557370515,28.974746956502752 -79.31983323845299 573.01715742933,0.2
5,195,1,1.0,-0.9965122686240969 0.027686288527784427 -0.07871955226760463 0.07968608163410998 0.59572345341074 -0.7992269361390323 0.02476745597468226 -0.8027122999455902 -0.595851941878688,50.88365658455362 -49.94598950076679 640.1683121536257,0.2
5,195,1,0.0387692008247414,0.9813588415869943 -0.11886341455526556 -0.15101759076112878 0.12867706027161144 0.9900510706615996 0.05693058617014547 0.1427481635569746 -0.07530183372324582 0.9868903665752483,-35.435328096657415 -24.22338040436031 809.226344906484,0.2
5,195,1,0.0038410455627753,0.9376505798291139 0.16293108579607077 -0.30702581557165476 -0.11802051141213235 0.980088982948237 0.15967700018947373 0.32692896634000645 -0.11348588804253984 0.9382102132161273,-27.15121173655527 -14.814232761459767 663.0566952196485,0.2
5,208,1,1.0,-0.8673947375062476 -0.06832080544945848 0.49290834532314926 -0.1621235649664228 0.9752853380833901 -0.150114819395507 -0.47047031684161095 -0.21012086251085313 -0.8570337823613777,31.567897121671017 -19.518670613497065 723.3948136764471,0.2
5,215,1,1.0,0.9358182732028576 -0.2470081043394591 0.2514580599826711 0.2513441651546478 0.9677775274174557 0.015256738461048535 -0.24712399758488623 0.048924981516425756 0.9677479403239682,8.229589841821209 -8.958494247230657 615.2823833339212,0.2
5,215,1,0.0011647431359463,0.9895006802454301 -0.04690030831524032 0.13670685744967748 0.05488008608544191 0.996966108721829 -0.05519741127361531 -0.13370332810025903 0.06212036010833766 0.9890725357196635,2.6152608956254606 -13.936847550034615 747.8544509059749,0.2
5,221,1,1.0,-0.9612613054663656 -0.20053601813804056 -0.18910845576662647 -0.01942927366224577 0.7336629070807731 -0.6792357779878412 0.2749530977058746 -0.6492488307291201 -0.7091380330082532,-23.672082084442884 -23.382782990822992 655.8165718889776,0.2
5,239,1,1.0,-0.9755451599822127 0.07797294052731901 0.20550392059715614 -0.015846226872875756 0.9075799224019054 -0.4195802444668291 -0.21922713775710442 -0.41257593846281665 -0.8841496236906702,-68.24598933688476 -82.67397693297876 712.9528006464537,0.2
5,239,1,0.0175862631890395,0.7164481745536193 -0.2606813242708946 -0.6471068384394953 0.17983797648419447 0.9652268706864953 -0.18972451164471574 0.6740625456089788 0.019553395641890098 0.7384154313975398,-80.90022275898144 -40.580922706661674 695.2999609292909,0.2
5,239,1,0.0076412157660392,0.9825515149280012 0.17819932214231574 -0.05326839682878526 -0.18125332334079317 0.9816425596296908 -0.05937270333736461 0.041710349921903686 0.06799181356375189 0.9968136034373248,-34.65279670110728 -34.723451933877485 522.7341296720361,0.2
5,247,1,1.0,-0.9936658120218523 0.11092094609470235 0.018022145721554594 0.08365914305260316 0.8372465861564204 -0.5403881028974681 -0.07502933961229362 -0.5354574658055266 -0.8412228601925096,-32.263007381810304 -91.20274111519423 675.046194234946,0.2
5,247,1,0.018903483165667,-0.9195272503322218 0.18020738840488792 -0.3492777305537145 -0.1868428111890254 0.5814095798625899 0.7918665697900048 0.34577362508358783 0.7934029226113907 -0.5009514972412579,-44.137603483124515 -51.414093819450834 447.7312982308472,0.2
5,247,1,0.0014331004049642,0.44779049653957936 -0.16030375752146675 0.8796512812093984 -0.04385997306261755 0.9786752368713432 0.2006765643959638 -0.8930621333209599 -0.12844253991306667 0.43121055178288115,-74.82878571719633 -91.50680576125619 785.3621160440546,0.2
5,254,1,1.0,-0.9967668456579936 0.0751811662115214 0.0283486797591925 0.03819521520330059 0.7537693169636079 -0.6560281566669154 -0.07068932686471992 -0.6528243324595774 -0.7542038252462793,-2.151582439076821 -100.20237653304113 720.2328123475351,0.2
5,254,1,0.0177036076289646,0.889794003194838 0.0015074344634162518 0.456359901305804 -0.3178217698626338 0.7196734144123487 0.61730016943903 -0.32749954882394533 -0.6943111004653538 0.6408401838919762,-7.170331848614991 -9.875751450253937 664.3784498378708,0.2
5,254,1,0.0132831283465999,0.9774487412631787 -0.07120253301680288 0.1988068346285375 0.062449661200212 0.9967967080472229 0.04996361318197752 -0.2017275341122433 -0.036421451346845546 0.9787642616395344,-7.636860097087255 -25.753175918970193 769.395651603773,0.2
5,280,1,1.0,-0.9932024455788688 -0.019200929441831778 0.11480516715167496 -0.09804105546030095 0.6696526946424861 -0.7361747211106121 -0.06274435066509512 -0.7424261531402482 -0.6669831733956926,30.473298319221346 -21.695812533630452 582.4696455552878,0.2
5,290,1,1.0,-0.9667468116704259 -0.21175638128172408 -0.14338701862977465 -0.04732475150406357 0.6991354979192285 -0.7134212804818139 0.25131846334908403 -0.6829119932580636 -0.6859083316625871,-5.104335173827149 -45.33408473525051 694.8477434998811,0.2
5,290,1,0.0014785125312726,0.9892294987051005 -0.0799089886817925 -0.12263585291222444 0.05650907934270119 0.9813695587353931 -0.183631460102402 0.13502489712455215 0.1747236180811081 0.975315300013873,-325.5351835876466 -269.2466044212633 1014.6453067898076,0.2
5,290,1,0.0013271116838265,-0.24139675266039 0.025205446894800414 0.9700991151690902 0.1223493305247905 0.9924761671679247 0.004658210364580431 -0.9626828393220447 0.11981545413884852 -0.24266439340032445,-281.88279408335427 -218.33145329729453 858.3797556914359,0.2
5,293,1,1.0,-0.9365311027104128 -0.2136397248794793 -0.2779704329770319 -0.012102614904244649 0.8121059838504695 -0.5833844338913582 0.35037554190967407 -0.5429934980712764 -0.7631481118916701,-14.973333286649055 -41.47719197503613 582.1016234707682,0.2
5,293,1,0.0038861369940603,0.8694943229329783 0.20932032447345053 0.44739761303526276 0.14221428127098593 0.7613251910015931 -0.6325812609846774 -0.47302718800286553 0.6136521452001263 0.6321995919813495,5.7479058697635645 -19.26191754636279 676.7186297479687,0.2
5,293,1,0.0032700108253223,-0.6692414798348411 -0.3171106343171358 0.6719796777220691 -0.25872422862221867 0.9472156414849845 0.18932591489288214 -0.6965469224627369 -0.04715266831445182 -0.7159602018817228,-34.848604064319126 -66.00387043214299 676.5668985363388,0.2
5,306,1,1.0,-0.7521033373414968 0.5415798566641209 0.3755420466678173 -0.015310171685312124 0.5553158155108014 -0.8314986131597217 -0.6588673376353916 -0.6311224951617909 -0.40936319753735384,-79.05425412406302 -80.28352738897266 782.9765094280799,0.2
5,306,1,0.0304641400208763,0.5654195668722922 -0.42222733680401237 0.7085370769785733 -0.043790808644605494 0.8424585486340236 0.5369785460441658 -0.823640138941881 -0.33464558847958215 0.45785287116600354,14.35020650563534 -35.355981362950175 783.224817088903,0.2
5,306,1,0.0167946920556135,-0.6615198746068696 -0.10540806368098864 0.742482724116283 0.02850261488334889 0.9858231674046695 0.16534897505892526 -0.7493857861241586 0.13054433239038082 -0.649137212641385,41.86195444111395 -182.21274877415823 799.5456406352588,0.2
5,317,1,1.0,-0.9146064325111009 0.33450737517496626 0.2271560907457058 0.17878129228740486 0.8384374179855597 -0.5148397281191046 -0.362673852293438 -0.4302644675955271 -0.8266439165610396,-45.95554871703725 -94.71668680029472 689.8181488424406,0.2
5,317,1,0.0019810411081959,0.6650589922278303 -0.08349146812538127 0.742108962085199 -0.0814222624625999 0.9796998108159569 0.18319032688067907 -0.742338839097332 -0.1822565648678999 0.6447601046359636,-188.3091683309065 -130.48093248436717 551.1825431916003,0.2
5,324,1,1.0,-0.9922497089078733 -0.06421033178512649 -0.10638396713924846 0.02487966876432933 0.7361426930925127 -0.6763689359282261 0.12174365385685602 -0.6737736776533703 -0.7288398411496413,-11.685879552706634 -117.3059231111087 811.0788016176073,0.2
5,324,1,0.0212043172042476,0.981650327044256 0.05616906853497669 0.18222972083010594 -0.03975596058823461 0.994918223013587 -0.09250509776868074 -0.18649959520495477 0.08356294187855964 0.9788948542785321,-52.787989860439595 -79.4197079790755 619.2432511131595,0.2
5,324,1,0.0044582963663613,0.2273661099089046 0.15432613092019332 -0.9615030407544717 0.048354484530980194 0.9843555503690189 0.16942843410552133 0.9726080895667252 -0.08501526788118208 0.2163467317443361,83.29498731680283 3.5281050428991376 886.8079755538347,0.2
5,332,1,1.0,-0.9990143614920163 0.022198469991569388 0.03843869746404408 -0.008113383195573694 0.7600599526759397 -0.6498023094383165 -0.043640331641965076 -0.6494737071416219 -0.7591307036248092,23.9091684104401 -92.16682277151077 690.8514894919175,0.2
5,332,1,0.0667405092336723,-0.05703348187477061 0.057665213767934445 -0.996705525752887 0.25420183924286155 0.9662664871190969 0.04135820107386751 0.9654680765674164 -0.2510055756185876 -0.06976814557944701,-1.3530657462232387 -93.65899091530025 675.4643629792429,0.2
5,341,1,1.0,-0.8807906017319821 -0.2947077553647779 -0.3706146986136238 -0.057428445612580786 0.8434128769753105 -0.5341878813551952 0.47001052066431 -0.44922383939421956 -0.759794743720158,52.6203969093137 -71.79474382847728 638.5043931463273,0.2
5,341,1,0.2742175984111468,-0.7144146406115204 -0.27577987937216275 -0.6430841153483636 -0.19218536443923176 0.9610463263772641 -0.19863218332416438 0.6728123861636851 -0.018314384790108287 -0.7395864224919816,53.50544298628405 -79.41906115809205 641.6316425090894,0.2
5,341,1,0.1242447516641065,-0.3052933599008294 -0.027811266872807633 0.9518521407421385 -0.25669141101116566 0.9649760976183287 -0.05413548317322017 -0.9170089879131824 -0.2608594726289054 -0.30173970840147946,23.746654218340723 -78.52948536880164 661.1523033906009,0.2
5,348,1,1.0,-0.9586137282400635 -0.20566373304495708 -0.19688105276968165 -0.05325311268628255 0.8088318546875815 -0.5856237160770296 0.27968522667260715 -0.5509024049254639 -0.7863095536927124,51.17807812264818 -58.8711263620092 642.7895498554448,0.2
5,348,1,0.0056764016503357,0.9371280686700219 -0.23476082726798486 -0.2582214880509485 0.10931472015029159 0.9001480102010964 -0.4216442240674835 0.33142310551507753 0.3669072276631494 0.8692167804519673,-32.41282988855861 -68.37425533134258 820.1828819395257,0.2
5,348,1,0.001934925304445,0.4934718885146555 0.36599688081178866 -0.7890068304405361 -0.3415857367885597 0.9158175011424415 0.21118117582737114 0.7998779154773535 0.16530150585295836 0.5769495060179428,-22.072365056990908 -48.3469017972703 633.5051534724621,0.2
5,353,1,1.0,-0.9737890237898826 -0.1803320024845172 -0.13861928446746344 -0.05930867313791067 0.7896711215485245 -0.610657024100203 0.2195846498209015 -0.5864297815358797 -0.7796683223594585,36.559482972044336 -48.32318248262253 633.2793386580078,0.2
5,364,1,1.0,-0.9853051148150566 -0.15552273557786822 -0.0706152210055639 -0.029519781364707398 0.5622627517385779 -0.8264315945772776 0.16823321083385417 -0.81220273129665 -0.5585913623095093,-17.742683683647876 -56.46581400955913 616.3947875497537,0.2
5,364,1,0.0216748613392708,-0.49932075870350406 0.2075037931003234 0.8412020897363103 0.40399640334559705 0.9146506239274864 0.014182462158670361 -0.7664631015329954 0.34692421650562055 -0.5405348295812052,-31.017188073731226 -88.57294097165453 732.4510533597798,0.2
5,364,1,0.0089439032208211,0.7347480240635343 0.3696760562319248 0.5687573776080119 -0.364150117703145 0.9223524431923062 -0.12907618802075438 -0.5723111329613617 -0.11227459189858713 0.8123142145146102,-28.461675860880035 -61.097325766559464 649.0147611182421,0.2
5,377,1,1.0,-0.9980097207517997 0.06294651283811456 0.0037860013782029175 0.017063911624006226 0.32736914098300596 -0.9447424349801048 -0.060707661831129515 -0.9427975297239437 -0.32779169870731484,-64.32649931902952 -75.37305841777568 679.0270165547643,0.2
5,377,1,0.0104758072849609,0.9039810031819776 -0.04063527133273268 -0.4256373111110216 -0.10381208560742564 0.9448281618173399 -0.3106811798591978 0.4147787322994538 0.32503618161764986 0.8498882772879481,-56.55648089925328 -88.78858946309981 872.0729442754674,0.2
5,377,1,0.0044581106230606,0.6987111337920642 -0.16008714794639306 -0.6972624015228398 -0.06309821208207733 0.9570531150465482 -0.2829628078241799 0.7126158622617472 0.2417052751639654 0.6586024543006641,-32.846178977475354 -70.18720340528064 712.7792870179752,0.2
5,386,1,1.0,-0.9794135941826851 0.16956328450671995 0.10953220566321013 0.07498997782581066 0.8093960458211482 -0.5824556156779455 -0.18741802142760722 -0.5622511303291291 -0.8054490373001745,-53.43975027544394 -92.97860578686502 712.2020932461663,0.2
5,386,1,0.0538836519492067,0.806102079968101 -0.5768999128677028 0.1318557059984055 -0.06918594811274908 0.12941127686576884 0.9891744163714058 -0.5877182498909158 -0.8064981165217984 0.0644053320149097,11.038014046714492 -62.81309217463115 904.2982735195217,0.2
5,386,1,0.0379291241768318,0.645084268350266 0.40108123071632545 -0.6503846039798911 -0.2685444884127663 0.9158682760620369 0.29844456544939474 0.7153671396353956 -0.01786469339871649 0.6985203706833768,10.060703867524124 -57.20306703605687 734.8277195808888,0.2
5,393,1,1.0,-0.9935761968236534 0.10574328424351301 0.040307554414034504 0.0944512519606143 0.9710724867573574 -0.21931070759531077 -0.062332191590840864 -0.21409479979737703 -0.974822093815689,-27.06201912862149 -107.95937491740116 742.8720157193289,0.2
5,393,1,0.0052679897907056,0.6055198439814975 0.22186524215922618 -0.7642784393571829 0.11431438274574487 0.9261464514653497 0.35942311046397674 0.7875772599828428 -0.30500584381248924 0.5354376665851489,-2.3485635605171904 -83.16242861217046 890.1853724635322,0.2
5,393,1,0.0042477604754495,0.4950199525804323 -0.5478952018042059 0.6743634734971897 -0.08167314984984586 0.743350523373132 0.6638972028819636 -0.8650345329181206 -0.38371975091310984 0.32322501391184094,-275.7076894122261 -194.7059630848196 1025.6890840086505,0.2
5,409,1,1.0,-0.9933306405935325 -0.04232901446675342 -0.10724967595436298 0.03553073586874662 0.7725318105995769 -0.6339812051002502 0.10968958595358015 -0.6335636164948344 -0.7658755372691562,46.27262720069997 -91.75071999445962 732.7428800160593,0.2
5,409,1,0.0232223030079897,0.7715306617410116 0.15105964167211808 -0.6179979147629611 0.2007701730969059 0.8639485974192482 0.46182697908627224 0.6036818496427694 -0.4803892231047705 0.6362345626706236,85.17820553767926 -258.34664822931296 873.0004091043767,0.2
5,409,1,0.0145632981884357,0.5753018169032209 -0.1608218360261946 0.8019751595436211 -0.33893050544860903 0.8454719366645063 0.41267822427300355 -0.744415161011786 -0.5092283784020022 0.43189411513224396,-157.67816029663044 -56.955189523048915 507.73800428652356,0.2
5,423,1,1.0,-0.9960437967253868 -0.07522539142106019 -0.04730640010003685 -0.010688439777226166 0.6298996296588675 -0.7766029962669158 0.08821854827645427 -0.7730249653414635 -0.6282116607472551,43.66180947557551 -69.49287603292399 696.8735749122498,0.2
5,423,1,0.0016303499838463,-0.9739304973237962 0.22399140429734546 -0.035878087790824215 0.2267859591679293 0.9650721775829596 -0.1311633362627225 0.005245484429991157 -0.1358806198697549 -0.9907113313356751,-224.83066106357126 -81.46649523096286 725.6763646331336,0.2
5,423,1,0.0010303396927682,0.6763034575859456 0.3429999215131077 -0.651893156199156 -0.34559819264403263 0.9292768290904287 0.13040883465784078 0.6505194251507586 0.13709715080059073 0.7470132855203359,-26.01909898389709 -27.741283420074335 870.4052754698423,0.2
5,436,1,1.0,-0.8374601510930009 0.5385904911806589 -0.09263248966245363 0.3545789265523076 0.40651704012766465 -0.8420318764339364 -0.4158536764010886 -0.738013671211868 -0.5314146600613117,-19.475973166570395 -88.12515596537914 739.3950072404729,0.2
5,436,1,0.1595886769679177,-0.49551668649355 -0.487183936118031 -0.7191071031459743 -0.5542031445366447 0.8148086824705553 -0.17013431622189512 0.6688214171153221 0.314227025189017 -0.6737501678283376,-6.209619707439717 -51.5220566444218 544.0960182481064,0.2
5,436,1,0.0862149408208863,0.5259786204668744 -0.6229489084417692 0.5790346693272966 -0.5144863081971915 0.3090751250133659 0.7998602414019568 -0.6772372770967262 -0.7186147956792849 -0.15793177622451915,-26.700003141369834 -81.83980374955888 839.2889171449822,0.2
5,450,1,1.0,-0.9617307019324 0.1638983167941667 -0.21957094232309576 0.26806148422786047 0.7287126812451884 -0.6301752683706381 0.056719464332535816 -0.6649174158829714 -0.7447601845032682,-85.82550694799355 -121.01227119370373 917.1021481226311,0.2
5,450,1,0.0761211151968344,-0.32373059387504005 -0.10793805389948 0.9399722757133353 0.5614117151118877 0.7777646263873637 0.2826642391171058 -0.7615874137119403 0.6192185094624648 -0.19118851642983362,-43.43536664371243 -64.99638729449953 462.1043961417713,0.2
5,450,1,0.0144861102657837,0.6309170955539669 0.08547373887338411 -0.771127653829605 0.5276040313410799 0.6814514071770146 0.5072060387742908 0.5688388213284914 -0.7268550196699967 0.38484305337389346,0.06788039990994044 -38.708551090721826 794.8677755073535,0.2
5,458,1,1.0,-0.9656504195559736 0.08564380333916696 0.2453251029979894 0.16120864692719317 0.9379172083681835 0.3071206316787205 -0.2037916567656183 0.33611969474643233 -0.9195066674235101,-49.88242145698711 -93.346303041686 624.9668736936853,0.2
5,458,1,0.0201371161135607,0.8805383460115889 0.23166606261963418 -0.4135009753718738 0.037390069566837894 0.8357410508442794 0.5478493211016022 0.47249783481087215 -0.49786316530148644 0.7272400324067855,-66.56851413126682 -78.53324260884669 632.8286320284335,0.2
5,458,1,0.0158570253139758,0.539819538785278 -0.17846543442643228 -0.8226450961749145 0.5779131171950171 0.7891387567592323 0.2080299294679293 0.612054976713357 -0.5877160124545511 0.5291300352322988,-71.12103301577025 -155.72755316370444 1017.5845337196675,0.2
5,463,1,1.0,0.13689418572226325 0.9824503056133788 0.12669403662215922 -0.7551782120025307 0.18627529238392665 -0.628496128519455 -0.6410661822558565 -0.009639110304439591 0.7674250696455253,-32.58407569535869 -76.72217141087238 578.085715850306,0.2
5,463,1,0.0037436815749599,-0.6323973961413069 0.2790191762218375 -0.7226491767477372 -0.11658070002970285 0.8879735905317677 0.44487283902111296 0.7658214372386551 0.36558337191208223 -0.529023935608884,-104.40981433613952 -53.52805272754497 699.7580813515132,0.2
5,463,1,0.0021301218866792,-0.014250748040287115 0.10951242384705012 -0.9938832653805154 0.581210358481504 0.8097233093997492 0.0808868432349728 0.8136285610609386 -0.5765025509378616 -0.07518891798692573,54.94758414811257 -58.70983404434224 660.3438983948851,0.2
5,468,1,1.0,-0.7823238986557397 0.573267556032029 0.24358494779675607 0.30515234102890754 0.6936686604463129 -0.6524613691853294 -0.543002178961246 -0.4361056050037444 -0.7176075075747583,-15.426073047182667 -104.89376989040879 783.527169571284,0.2
5,468,1,0.0265083723591267,0.7016024145803506 0.2691088128403509 -0.6597988319985713 -0.6271456783310327 0.6727967148515784 -0.39247022643206014 0.3382932899212318 0.6891480445713976 0.6408062286352159,59.512590104297 -50.92284983643323 594.1399015222567,0.2
5,468,1,0.0222789582565831,-0.17324826652936973 0.3120328526715185 -0.9341416043610535 -0.09002948875071973 0.9394957556054304 0.3305184054703541 0.9807546733510133 0.14136203186519297 -0.13467385287089575,57.079936744778905 -79.95512976153188 915.4244378814143,0.2
5,475,1,1.0,-0.994455572268351 0.10475031729428752 -0.00924585372870498 0.10514198547679984 0.9919711585434845 -0.0702736330915996 0.0018104348712196768 -0.07085613342994694 -0.9974849024827066,21.657896299854887 -105.13363793644231 734.0732974648895,0.2
5,475,1,0.009566482785396,0.9504944780704655 -0.09275386766516366 0.296575398829213 0.02906100466052318 0.976762624938041 0.21234460796608176 -0.3093795487191655 -0.1932135982722262 0.93110300196972,12.390133448863667 -99.40506967358598 910.3248584678036,0.2
5,475,1,0.005938290777415,-0.10970817890083676 0.06119816261697218 -0.9920780717133955 -0.11496093101075418 0.9906232394098288 0.07382128339658188 0.9872933200540774 0.12214901732508725 -0.10164407382190524,6.695533475838641 -89.24395406216206 1061.7336473926428,0.2
5,486,1,1.0,-0.9922757694591038 -0.120245295621181 0.030493707962765043 -0.11332807118378058 0.7787091160492514 -0.6170647136756052 0.050453400540573776 -0.6157541566751844 -0.7863213547342618,55.2236170735586 -89.6888043382204 729.9609617068654,0.2
5,486,1,0.0596187609563038,-0.03317043044242651 -0.9857045021616841 -0.16518582554944067 -0.07768565231735725 0.1673195690525855 -0.9828372709844104 0.9964259440461647 -0.01976856672202293 -0.08212515936950204,51.55033825921047 -76.4474949491362 606.2750282534918,0.2
5,486,1,0.0088698021017124,0.9392943422524447 0.17326002214805292 -0.2961538507900978 -0.13558354276900597 0.9803191530353635 0.14349725127065216 0.315187629108048 -0.09463256795249597 0.9442994416708949,76.19020013104902 -80.67181563092514 785.1688834805122,0.2
5,493,1,1.0,-0.9200432380081159 -0.30080471255193236 -0.2510716334078593 -0.22395672474480152 0.929523893843624 -0.29296538398822597 0.32150245043719705 -0.21331163981446682 -0.9225694113087323,47.66287187756588 -81.89225411140224 645.0215487720459,0.2
5,493,1,0.0091614742236683,0.8266519859606863 -0.2668206849639928 -0.49543235278148595 0.12606768420636524 0.9458702281663449 -0.2990592758424166 0.5484099133915226 0.18475993489902548 0.8155429684265634,92.19396307688783 -84.2975274180601 827.1926919823276,0.2
5,493,1,0.0072386593532356,0.4561469837522417 0.18507139716601642 0.8704473029223255 -0.13289369150003325 0.9813340254068162 -0.13900646509550588 -0.8799256763916065 -0.05226957556621925 0.4722273769032257,-41.64027211056423 -65.63548346108846 1051.215139955121,0.2
7,3,1,1.0,0.9936648339004635 -0.032601945576361896 -0.1075514342730966 0.011158573278310215 0.9808901027841164 -0.19424235506850246 0.11182881610728454 0.19181167692505463 0.9750397922563169,42.18441737529648 85.4240998184494 680.4901769990421,0.2
7,3,1,0.0011117122281329,0.9951692945282172 -0.0238684170334939 -0.09522801004182394 0.026545052463221492 0.9992845314239851 0.02694040546226554 0.0945168525604578 -0.029338096820715323 0.9950908705525355,-19.46339158661109 17.85267930342433 565.4592112106711,0.2
7,13,1,1.0,0.9954696942956973 -0.06432157655852162 0.07002015801079765 0.0614832342490717 0.9972255116095438 0.04196535358313357 -0.07252516559860174 -0.03747017192527794 0.9966624737446401,-40.7319585453143 100.58785285782992 708.0409329671534,0.2
7,21,1,1.0,0.9966802891693846 -0.014208660825675188 -0.08016554832827372 0.019236684649908947 0.9978719989700704 0.06230107250405719 0.07910974115058034 -0.06363637033188456 0.9948326800151227,-78.56659446518789 51.04590594615137 595.4012907439655,0.2
7,30,1,1.0,0.9734977511784264 0.07023212636694362 0.21764553033895317 -0.10114184090228573 0.985766169854795 0.13429589118325272 -0.20511571482810198 -0.1527498176620352 0.9667445560926484,-94.00173053327775 -10.743635628341844 678.026263766832,0.2
7,39,1,1.0,0.9910553381271273 -0.027125412880396417 0.13066571373468006 0.0024173429608893675 0.9826130015260087 0.185649793118811 -0.1334296564588801 -0.18367335464926834 0.9738894319013578,-51.664192573918335 -61.198363644630724 676.5188508577503,0.2
7,54,1,1.0,0.9960513688358914 -0.07776148123470972 0.04283483017745022 0.08232490575834794 0.9896202338863765 -0.11778965393680577 -0.03323071669444163 0.12085091939599474 0.9921142952044973,57.16278637996362 -52.91114595896221 717.3826797673156,0.2
7,54,1,0.0037398405228139,0.9905046553211998 0.029017163166404576 0.13438203759731215 -0.041901533054275804 0.9946838073033825 0.09406585467718326 -0.1309381125369256 -0.09880348035480219 0.986454805328174,64.2842159780941 79.49630142818319 585.3956609870464,0.2
7,62,1,1.0,0.9971225114122299 0.005563368370586609 -0.07560255397366386 -0.008343777498654057 0.9992984285276517 -0.03651071238991075 0.07534639083606165 0.03703646412036366 0.996469378211614,88.00295544605521 0.8358327659185746 704.7565905720306,0.2
7,62,1,0.006301051734081,0.9990683778531526 -0.014537366240198413 -0.04063300821584053 0.02089201144650149 0.986792331108638 0.16063753958181587 0.03776109415244049 -0.1613367913650775 0.9861767283405303,2.3079369101287512 107.16652268908274 580.8768429154018,0.2
7,67,1,1.0,0.9355551186670132 -0.20283114327290713 -0.2891299833198835 0.23838800016521627 0.9666862265725993 0.09321427322067238 0.2605912149577946 -0.15613220895585492 0.9527407580309482,80.7164846271572 38.4322754928228 683.0340862234602,0.2
7,67,1,0.0093633916751754,0.9949330644369521 -0.00395996683449205 -0.10046151478434678 0.01150224756420759 0.9971465518879205 0.07460866142079235 0.09987940523985656 -0.0753861573546528 0.9921396230814653,-43.06628309399726 105.25977661415101 603.3120202758039,0.2
7,71,1,1.0,0.9699173204172716 0.01105352435792165 -0.24318349276595333 -0.06365887171161957 0.9757238927905137 -0.20954816412970467 0.23496369848762425 0.2187251806194132 0.9470751584515464,75.81485137634937 75.66378919025988 788.2373708284986,0.2
7,71,1,0.002032218248512,0.9905790808220506 0.011167759511000625 -0.13648577136553802 0.0006350511880856974 0.9962838266526919 0.08612858677731544 0.13694042992385402 -0.08540385177363782 0.986890825144553,-75.44135211856319 89.78559120694877 616.3978789215898,0.2
7,81,1,1.0,0.9988299171176351 0.00039759139989939754 -0.048359472617646115 -0.009200181309588976 0.9832667634312741 -0.1819390793514622 0.04747792470874046 0.18217111146519827 0.982119917735551,-0.6824146164209475 84.18002625490206 689.0732392456221,0.2
7,87,1,1.0,0.9954891265735858 0.04783814088830887 -0.08193235716192662 -0.0447491780609075 0.9982315146765057 0.03913252061294132 0.08365948802516301 -0.03528959312601087 0.995869336148256,-44.77461166559165 68.45375686256139 618.8854497555907,0.2
7,94,1,1.0,0.9988262046934878 0.010484713090678345 -0.04728936042080622 -0.0026172869220717904 0.986548101686591 0.16345027643828353 0.04836695800616685 -0.16313464944636963 0.9854175376576366,-85.0602950509581 36.50289573663106 647.8291812038726,0.2
7,102,1,1.0,0.9682909380940288 -0.15762323961212263 0.19382356291009895 0.07834259261117854 0.9282828086125673 0.3635291809708303 -0.23722372855164514 -0.33681737123928623 0.9111964448150093,-88.78266036022619 -17.80707050127581 651.7889734606588,0.2
7,112,1,1.0,-0.9916520470449807 0.12881846813004358 0.005658609381150653 0.1262938197382443 0.9791942844683973 -0.15883458175204698 -0.026001705471436834 -0.15679399074279857 -0.9872889930408035,-44.78413593167596 -64.30690170099274 659.1998674765199,0.2
7,130,1,1.0,-0.9950720472488158 -0.03190321789726676 0.09388186977180372 -0.07346647414636787 0.8730920218156006 -0.481988587643367 -0.06659052455531085 -0.4865105406152534 -0.8711332825174931,67.81643700852268 -31.292171283380846 702.8898457604016,0.2
7,130,1,0.0032415234312719,0.997521167561392 -0.02252911124117459 0.0666630288363802 0.01707934845056598 0.9965498523688942 0.0812199950753468 -0.06826284584941816 -0.0798801032186238 0.9944643548093217,37.01010011211309 76.52377630087919 535.347374067717,0.2
7,155,1,1.0,0.9864122988530784 -0.05642613365709205 -0.15429474427827153 0.10472224379686355 0.939592932725032 0.3258809175562814 0.12658605107015344 -0.3376110368659259 0.9327350960807569,-14.991450174079535 41.94062206063371 477.23247396564284,0.2
7,166,1,1.0,-0.9961243669924874 0.08730700812928727 -0.010664511959241438 0.06552314954167737 0.6557056741419637 -0.7521680568677273 -0.05867676165191142 -0.7499517019312284 -0.6588850297377372,-78.95042389478348 27.631978718085094 625.564649314391,0.2
7,185,1,1.0,-0.9766232123825902 0.033040604432764825 0.21240390649474328 -0.17531384580010378 0.44935182109832383 -0.8759840160336244 -0.12438712355500271 -0.8927436694451197 -0.43305494358034435,-36.563938759656985 -56.833820235907886 630.2011767845123,0.2
7,198,1,1.0,-0.998469086825213 -0.04435822000940589 0.033042865675098246 -0.051732446693146854 0.9603282173250693 -0.27403187582541455 -0.019576430051624884 -0.2753217451035276 -0.9611527974570859,49.791970021426906 -56.261658513691245 671.9338482290325,0.2
7,207,1,1.0,-0.981328452406257 0.18460901400538732 -0.053981297186149614 0.18141855808729995 0.7951827757193641 -0.5785945557821744 -0.06388877271841793 -0.5775845090956003 -0.8138269838075711,90.44177645061377 -7.750272596216652 732.4201357850741,0.2
7,219,1,1.0,-0.9528460853031452 -0.09929313843496755 -0.286749386018882 0.17177327807937087 0.6024973572076663 -0.7794170100117425 0.2501565083309618 -0.7919203288320814 -0.5570313403410525,49.26005121232343 37.758996485616386 620.6873492334162,0.2
7,229,1,1.0,-0.9900279528617805 0.040312284576637006 -0.1349798957790542 0.0872976394000012 0.9275854338113803 -0.36326902584192383 0.11056118083441159 -0.37142991626034266 -0.9218546754230491,-27.32734370179376 35.44676652342129 611.4259949545719,0.2
7,239,1,1.0,-0.962861406966265 -0.14771376889201754 -0.22600564916536958 0.03904210145845021 0.7520988935834314 -0.6578928245423309 0.26715842732104217 -0.6422833461567362 -0.7183999429016218,-77.65999401605276 10.321596332028237 637.1593469878242,0.2
7,251,1,1.0,-0.9862884780760065 -0.12228154370560558 -0.11082536750892755 -0.006959483371045114 0.7017663749034743 -0.7123731610932891 0.16488360623701473 -0.7018341535746255 -0.6929951062384683,-74.58596541394617 -47.72687892883611 718.2715179868934,0.2
7,270,1,1.0,-0.9869738318332012 0.10288541731129043 0.12368203661473788 -0.0077483088113117216 0.7374892327667115 -0.6753144417704479 -0.16069417844792105 -0.6674760089005812 -0.7270853860139803,51.57029277392396 -61.424415349376844 781.2425165365645,0.2
7,277,1,1.0,-0.9838633273769967 0.07020927290664608 0.16457099088413116 -0.09960749408016503 0.5491496102900122 -0.8297668664398431 -0.1486314238838294 -0.832769694162946 -0.5332947930722918,78.92849277424386 -26.45552596371633 729.7025622088277,0.2
7,285,1,1.0,-0.9771262436276302 0.15535559976390817 0.1452203210165627 0.06689604924337983 0.8727555975680942 -0.4835520504652905 -0.20186436686494338 -0.4627767329237241 -0.8631850745087404,95.01621995025776 5.554987982639271 867.6867671058168,0.2
7,285,1,0.0015663856278084,-0.9886276768707991 -0.047580193168648054 -0.1426584793942547 -0.11469673251298404 0.8521011787488244 0.5106547177160994 0.09726240833894585 0.521209848710573 -0.8478681014941003,157.4952740074923 -185.77169741146173 751.4847918699231,0.2
7,289,1,1.0,-0.9968523449382092 0.02576729423545028 0.0749763225223619 -0.032738052180911366 0.7275239738834102 -0.6853007276840525 -0.07220541759863609 -0.6855982161387789 -0.7243904083412004,50.838112981184665 16.688655292403805 638.1064601772414,0.2
7,289,1,0.001741889574821,0.9578498013340662 -0.09951319952816823 -0.26948261762859016 0.1479413571844878 0.9749992886709812 0.16580030737454154 0.24624604142747505 -0.19867941566943376 0.9486249927503231,51.424306968334385 1.6568756434338394 591.2691038088527,0.2
7,295,1,1.0,-0.9975281826281823 -0.05488217348346813 0.043880199364248015 -0.07008980044406786 0.7327586254484544 -0.6768694236738737 0.004994470565174099 -0.6782718804908705 -0.7347940605361151,11.196496076794883 22.722903667997713 624.3639947074784,0.2
7,306,1,1.0,-0.9100252285071052 -0.2807896563314669 -0.30497746208178644 0.09430706162754819 0.5761658485899696 -0.8118738159626644 0.40368336800984084 -0.7675871832019194 -0.49784501059704744,-59.96999757396315 13.200162439628539 624.6111307540937,0.2
7,314,1,1.0,-0.9605246287625085 -0.2313384937852616 -0.15451517347436022 -0.09125994126507486 0.7867072053027446 -0.610543525266659 0.2628004198264155 -0.5723410472942779 -0.7767635836734037,-96.15515141096664 -21.020197319566364 729.8979246104471,0.2
7,328,1,1.0,-0.9834467893749311 0.13198791911316637 0.12414347214540235 -0.007163175823622421 0.6562739960279531 -0.7544886553485234 -0.18105552015959056 -0.7428887072406466 -0.6444651016727445,-44.71359889781439 -57.938543068304014 709.2598334954309,0.2
7,342,1,1.0,-0.9921271756524549 0.11624812463672056 0.04658369725911019 0.036998979660598605 0.6274470811794737 -0.777779683344476 -0.11964423444511466 -0.7699328112490104 -0.6268083625209846,48.600309836783474 -49.48508441403888 701.2480156732292,0.2
