scene_id,im_id,obj_id,score,R,t,time
2,3,1,1.0,0.9228752959379166 0.33427323360611444 0.1912134760994 0.3610159440259048 -0.5781414636009112 -0.731723948100977 -0.13404729130642115 0.7443210687330493 -0.654230441307574,133.06884968720036 -94.83238606256388 984.5693305073298,12.86159634590149
2,8,1,1.0,0.9409190277748332 0.3379075438507653 0.022133119527185142 0.32869555274754764 -0.8956409869277887 -0.29964388219852034 -0.08142859924649129 0.2892156882739242 -0.9537943535589811,-25.605509103543557 -19.03276701564444 1154.3842004925461,2.709447145462036
2,17,1,1.0,0.8985705055431987 0.4356411327558302 -0.052800094877350934 0.16149861997495946 -0.4401668804520745 -0.8832730682519833 -0.4080309330357489 0.7851559850146378 -0.46587641803558805,118.46762127196922 -12.633233686466273 1158.8008148695244,1.0849509239196777
2,27,1,1.0,0.9729640992501744 0.22718806906319208 -0.04155048550420981 0.1552596712962727 -0.7765893249285615 -0.6105763300980268 -0.17098332093882912 0.5876177343157195 -0.7908666779416047,244.84301990641822 62.83939324434012 1067.9852620016811,1.0483012199401855
2,47,1,1.0,0.9339230277860672 -0.24532104966105017 -0.26001030895736704 -0.2800153201907175 -0.04989970841517222 -0.9586977832239787 0.22221430788631696 0.9681568063559134 -0.11529613903910141,210.36143169148414 -97.5769938915659 1203.0117467547598,1.0084228515625
2,58,1,1.0,0.931514770438985 0.2158901532122991 -0.29269723982295254 -0.26575061586265414 -0.14541335323713694 -0.9530118398367103 -0.24830795924139243 0.9655290769553767 -0.07808174518460342,133.2711441403714 -29.419895573331637 1116.2234643692975,0.8067827224731445
2,61,1,1.0,0.6885835958000891 0.6858031987637037 -0.23564083720885956 -0.0016884837250347728 -0.32343429452690736 -0.9462491247798289 -0.7251550045457389 0.6519695005821623 -0.2215535819907134,295.63053794266153 -130.89631687416588 1334.6983209967166,0.39542460441589355
2,69,1,1.0,0.9319093161239067 0.2754601476503355 -0.23593798672093425 -0.10618389980762262 -0.414803940351208 -0.9036939030948234 -0.34679966254758254 0.8672135827612288 -0.3573102236590999,130.75462121966 111.20357240544534 1062.4209980260641,0.05200982093811035
2,79,1,1.0,0.0027520589310799926 0.975174260099324 -0.22142174376374169 0.5873683353597737 -0.18077766295875242 -0.7888712665523191 -0.8093150590396353 -0.12788510083237958 -0.5732839926221243,23.910530235915765 133.508080258329 978.3489742876859,0.05519509315490723
2,89,1,1.0,0.17246242624068464 0.685761628943592 -0.7070980835809182 0.3870654777695296 -0.707289781642599 -0.5915416136697488 -0.9057797897139359 -0.1716745556353522 -0.38741556434038915,-64.25528253232395 117.13982766944139 908.913352007762,0.06718969345092773
2,96,1,1.0,-0.5795782774635012 0.804233554367353 -0.13151961953296049 0.17892558072880804 -0.03186632352963059 -0.9833464160638223 -0.7950312301119369 -0.5934584462743444 -0.12542892685637386,156.90354994177724 145.28611006986324 873.6785411741331,0.057416677474975586
2,97,1,1.0,-0.2436206555261241 0.9084720332691079 0.33959908858669563 0.7631261623593499 0.3956537035594231 -0.5109761317149782 -0.5985711624558206 0.13467260904729192 -0.7896681909819355,277.8549949999091 67.00641307759771 849.7936822822026,0.06467628479003906
2,102,1,1.0,-0.7080831754170968 0.6902312122491566 -0.14899359156789543 0.6386530539264846 0.5359900832523075 -0.5521203739815799 -0.30123162749222687 -0.48610235989166384 -0.8203438317596712,150.86402055214367 93.07532282284363 894.7668213847094,0.06280779838562012
2,107,1,1.0,-0.812346119107842 0.5776003843465713 -0.0804461234188498 0.5819633979947751 0.8117972063421313 -0.04799894967064576 0.03758172647447988 -0.0858084598265426 -0.9956025924320376,-9.067173678573473 183.4939643182725 965.21026615366,0.05997872352600098
2,110,1,1.0,-0.5547513635051899 0.8156375499067537 -0.16427511032180195 0.5964610170290247 0.2522101284820031 -0.7619870774860901 -0.5800734262607053 -0.5206970695838405 -0.6264099152096549,88.68490356387623 125.34185707711241 927.2404022436914,0.057569265365600586
2,115,1,1.0,-0.21198482702319066 0.9579758820201396 -0.19324761985515726 0.37370574981426946 -0.10325139355140989 -0.9217826003377622 -0.9029985856399237 -0.2676216717633818 -0.3361133664924234,-135.7632005532633 36.776782122901025 948.0341448598044,0.05448508262634277
2,119,1,1.0,0.2218379406730886 0.9387285627012039 -0.2637737925701775 0.7368747813769458 -0.3385566184928921 -0.5851452577312205 -0.6385949300210589 -0.06456083676339974 -0.7668301074604521,212.26620167044274 84.9106064137298 795.4358185638621,0.06038022041320801
2,124,1,1.0,0.20965758464257966 0.9772884621438811 0.030837622513534835 0.9643583879965836 -0.211884607129884 0.1584860017857896 0.1614205584876667 -0.003489272397268553 -0.9868795409145269,67.78686758378642 175.94885404661323 942.109517059104,0.056067466735839844
2,126,1,1.0,0.3989789515022957 0.9158223290496788 -0.045664623858643866 0.8453124846217528 -0.3866461426760307 -0.3687161017589903 -0.3553344897427332 0.10850908702854759 -0.9284197210483536,173.65862193223307 122.70752083658344 917.4820032100527,0.06914353370666504
2,136,1,1.0,0.04712684354491137 0.9019226551623921 0.4293187448997702 0.7561715683001277 0.24861653647436122 -0.605305193341357 -0.6526742065625226 0.35316475177502227 -0.6702917560224564,-95.03421286693657 144.40259080150597 871.066353342761,0.06098818778991699
2,153,1,1.0,-0.22152474284220958 0.9671760442528374 -0.12448810277342232 0.5847377024957374 0.02958459114064238 -0.810682780899562 -0.7803900355519022 -0.25237918176916696 -0.5720980169698426,93.46828239114188 -7.5872639555254 921.0127290677548,0.06348156929016113
2,156,1,1.0,-0.29494683218061213 0.9554843956968233 -0.007479021760767202 0.5619658525875086 0.1671312429899109 -0.8100997025936016 -0.7727876465835982 -0.243139295870749 -0.586244433740108,-183.24408158228044 73.1132705391023 895.9702388684284,0.09566116333007812
2,162,1,1.0,0.8570228109157952 0.5151758149448177 -0.010285001989910725 0.4305115107471308 -0.726861926796839 -0.5350995967924194 -0.28314614721767384 0.4541647488182341 -0.8447263700433755,154.05200688418532 155.99603483317316 904.518183934036,0.10259461402893066
2,166,1,1.0,0.9627950487243637 -0.0555333461508542 0.2644650101944308 0.05292261132021074 -0.9209573261072437 -0.3860528470306185 0.26499979502426196 0.3856859486093389 -0.8837541839688305,158.2453011667922 95.70721349731343 917.1093324509721,0.09930944442749023
2,175,1,1.0,0.9003926257697298 0.2484464413396674 0.3571659071708112 0.1698749128222213 -0.9565145814975401 0.23711256688802612 0.40054417166292167 -0.1528208793595992 -0.9034434931851704,155.560890188249 201.4739200503608 914.957987603026,0.0868842601776123
2,176,1,1.0,0.970354600244315 0.2395068845837519 0.032379036762704434 0.23531291137815086 -0.9056893709097839 -0.3526394719253339 -0.05513423186581764 0.34980453921872595 -0.9351989097612021,113.58727395258707 117.26649934099333 896.2906391319519,0.07170510292053223
2,178,1,1.0,-0.6601178552148081 0.6707645450321489 -0.3381114348176 0.7376269018866297 0.49378038300542204 -0.4605295723101305 -0.1419541152617075 -0.5534038836933056 -0.8207272206241439,86.79725156026869 149.36592798640655 990.1438724035222,0.07731795310974121
2,203,1,1.0,0.34800023610766195 0.9355864864934202 0.059780949807682726 0.9272846151564054 -0.3528951003758196 0.12493314462134311 0.13798216610580077 0.01195719121020139 -0.990362533325607,108.82921290579395 150.73931427273868 840.8671798722304,0.06547284126281738
2,207,1,1.0,-0.15170337025750547 0.8324780889320241 -0.5328849021135792 0.767204216616629 -0.2407467483633191 -0.5945071010157518 -0.6232044427458606 -0.49902027473898636 -0.602158606964351,45.130813131626454 72.9428130785972 828.242730419143,0.07231664657592773
2,217,1,1.0,0.0491637376332289 0.9380384009292606 -0.34302607085177494 0.6563215941444436 -0.2892236617911017 -0.696844056098524 -0.7528777403812836 -0.19087595930923895 -0.6298741748922163,-52.37428468996567 158.90515697520948 757.7096111721058,0.0664823055267334
2,219,1,1.0,-0.18295399217001362 0.9439327614510942 -0.2748068023327774 0.44329153044786956 -0.17029038861587376 -0.8800532953055968 -0.8775080944254816 -0.282828791682117 -0.38728209203808217,-56.85238905692168 91.25155151733473 690.2433865613318,0.049280405044555664
2,221,1,1.0,-0.045288952296673624 0.9777090511055104 -0.2050217602749324 0.2935659652172386 -0.18314490170528586 -0.9382307653479671 -0.9548654014393549 -0.1026788993207634 -0.27872766057271003,-127.33599876532922 134.54193015890525 726.5844903956144,0.05817246437072754
2,224,1,1.0,-0.37903549294901273 0.7613961847246573 0.5259353049298312 0.2885568174246908 0.6372539062696082 -0.7145924867096347 -0.8792423205252535 -0.11909369769581085 -0.4612479083600338,100.97735304638951 67.70245068652923 703.5794482165733,0.06039595603942871
2,243,1,1.0,0.6817226147121762 0.7291537116121656 -0.05990944359778688 0.45859836535427473 -0.48969420855496903 -0.7415437420692792 -0.5700366794201761 0.47805276586369155 -0.6682243165028446,229.91149125429232 -109.71888550745571 877.9580580445836,0.06079602241516113
2,248,1,1.0,0.36741056973940184 0.8876586067498055 0.2776178508431363 0.41678753784691425 0.10970328101928378 -0.9023598719076058 -0.8314430957914526 0.44724421516281004 -0.3296589001742971,271.02764199928004 127.95028555884114 836.5797157701126,0.0486600399017334
2,249,1,1.0,0.5955603346280663 0.796930004174693 -0.10104680234341071 0.576881159161283 -0.5118294871593829 -0.6365836192354444 -0.5590313193573675 0.3208319568251994 -0.7645592452238572,181.40408565822116 76.51987968570606 885.2420314488414,0.05598783493041992
2,254,1,1.0,0.8455847332373237 0.5301245546897674 0.06288414292124479 0.4679374747465126 -0.6793386057539214 -0.5652730123225194 -0.2569454779594702 0.507412076371162 -0.8225034991468945,192.72303035462048 -106.56822693273142 920.6415205227221,0.061812639236450195
2,263,1,1.0,-0.6891732884639418 0.7170855341433928 -0.10406015178771211 0.35607755238345207 0.21008480573796529 -0.9105345414022753 -0.6310696912040751 -0.6645695683074323 -0.4001228982741013,125.23501477558307 58.0272238070822 795.0480994221181,0.05612325668334961
2,266,1,1.0,0.40375703768332205 0.9124120412219634 -0.06696657042404913 0.7869609884734401 -0.3837059115117093 -0.4831792380596196 -0.4665540238194233 0.14238693937345062 -0.8729566440286519,195.49639737275794 80.29864786053714 734.3771253498328,0.07702970504760742
2,268,1,1.0,0.2891226273626376 0.9550046054023119 -0.06613856671639759 0.8776166836382263 -0.292020902493633 -0.38014832513986574 -0.3823572451867051 0.05186517296971385 -0.9225578252261781,141.62648289893414 95.20536424800862 733.3006408478609,0.08197283744812012
2,277,1,1.0,-0.25057923586320296 0.9619932674616332 -0.1085311011309838 0.628540999844045 0.07639825012737611 -0.7740151929339132 -0.7363058183046374 -0.26216838241093327 -0.6237960253117786,56.05504150126349 132.31715527818855 636.9459258427737,0.0823056697845459
2,283,1,1.0,0.17331370945879754 0.7513680316412809 -0.6367169222983933 0.37997564075066037 -0.6474599265034756 -0.6606164969240769 -0.9086148086784389 -0.12744302491553233 -0.39771523085069627,135.21716592983398 13.752399951918932 666.3402241103141,0.0850982666015625
2,307,1,1.0,0.09954594306902143 0.9945389973309736 0.031349449858024986 0.9291228130388155 -0.0816300569097943 -0.36064848828151497 -0.3561199285484279 0.0650285829217078 -0.9321748118748207,84.55783171352388 57.79637994120387 740.0609741271924,0.08917093276977539
2,310,1,1.0,0.12797832482006155 0.99146527550585 -0.02486274004126296 0.8463612107469625 -0.12224783676732509 -0.5183899761267042 -0.5170050766860866 0.045299821984397054 -0.8547828243530607,145.38931000441107 -3.711010130125766 746.6264356454293,0.06239819526672363
2,322,1,1.0,-0.16317641215099687 0.9789534275767772 -0.12257098006138212 0.46360669852547776 -0.033582002152609425 -0.8854044715347495 -0.8708859211170168 -0.20130185236877957 -0.4483695759449601,138.722905032156 72.60589645583147 721.3921173233648,0.04142475128173828
2,326,1,1.0,0.16830415876929716 0.8982790685032599 -0.40591677130894094 0.38581122388310185 -0.4389684071018185 -0.8114532870672934 -0.9070961413581156 -0.020036283472937955 -0.42044635529138524,116.59118801043317 -70.11572834061474 595.4860814393282,0.0625760555267334
2,338,1,1.0,-0.8999435865121632 0.4300966797929484 -0.0715429040975164 0.34724376327979756 0.6077868266726476 -0.714154704658925 -0.2636727326799423 -0.6675417734900749 -0.6963222462960788,-132.88364782140266 22.207724215155434 602.4384396296598,0.06623363494873047
2,342,1,1.0,-0.9926141389443769 0.11818592273826138 -0.027372592756603514 0.1141471471662331 0.8334800819431791 -0.540630540940671 -0.04108040848778742 -0.5397620222565663 -0.8408146997810985,-197.3985258397978 -12.443320413820489 653.586117267703,0.06848359107971191
2,365,1,1.0,-0.2090412296059334 0.8564770978172649 -0.4719626523776586 0.5421208308752319 -0.3001792549112703 -0.7848550309783728 -0.8138837564763088 -0.4199278459871765 -0.4015642353454584,99.24840512048945 -95.73396028909127 608.7932913971872,0.05098724365234375
2,368,1,1.0,0.49645233195459215 0.8485072826306694 -0.18322246974529396 0.690367366477528 -0.5138866321838986 -0.5092282676419027 -0.5262394715333794 0.12631674705045254 -0.8409019550547268,214.00757389850662 -145.23201464518746 735.579208068841,0.07172155380249023
2,387,1,1.0,-0.5298297693659748 0.677110287808238 -0.5106878436362499 0.7259744122765863 0.05079063057015465 -0.6858436152403482 -0.4384536101040368 -0.7341266716245438 -0.5184751313189537,-260.4977034868234 67.97820711551908 687.5324795633524,0.0826578140258789
2,389,1,1.0,-0.9143336661653366 -0.010429398509081589 -0.4048273391995575 0.3339860289073913 0.5459112269103088 -0.7683972051146157 0.22901371009467086 -0.8377781090360505 -0.4956617401097785,-130.0382548505963 33.715700608379635 731.8725131688179,0.06948161125183105
2,402,1,1.0,-0.01185208595424836 0.891445033749131 0.45297381807621373 0.9897850495898416 0.0748239693160021 -0.12135455996472339 -0.14207421886805105 0.4469084083118235 -0.8832257870517739,285.83495536310585 89.34352525749252 1018.50257936935,0.07480692863464355
2,415,1,1.0,0.17948137137905062 0.9629057509081176 0.20149181669727706 0.6964885347076204 0.020271599562088793 -0.7172815230242766 -0.6947590649633344 0.26907541158431436 -0.6670144410220854,362.9164380822208 2.9370401346949446 924.3855474016586,0.08734011650085449
2,417,1,1.0,-0.5415646659848452 0.8021456325913392 -0.2515354779576098 0.5886959431929837 0.14827341505330605 -0.7946395918003035 -0.6001206537229378 -0.5784266405544183 -0.5525195222542671,362.62780807890465 48.2585519305465 931.9557461127099,0.06990885734558105
2,425,1,1.0,-0.10749653289389305 0.7226597026101471 -0.682793855888588 0.6050373128111901 -0.4974073212285687 -0.6217039543821751 -0.788907057594243 -0.4799467793533291 -0.3837665220760673,240.50040765657084 -160.4103826277725 999.8828283896942,0.040627479553222656
2,428,1,1.0,-0.7424948951454248 0.5605893655648996 -0.3666618249811781 0.5027372174659855 0.10462761658938824 -0.8580841171012211 -0.4426698779649944 -0.8214576221950632 -0.3595146089939735,224.79238866745663 34.29553453999827 896.366061805733,0.05394721031188965
2,434,1,1.0,-0.6922629366381081 0.5494744375710043 -0.4678139256298506 0.5884310808919169 0.05452548625105791 -0.8067067834036458 -0.41775697432544845 -0.8337294607995537 -0.3610738104561618,313.8495699447786 -26.367475401236035 934.5009225195848,0.06324219703674316
2,435,1,1.0,-0.6551085222692556 0.6244104373389412 -0.425375633754902 0.49740257596320103 -0.06735201750695552 -0.8649013719279874 -0.5687033510322973 -0.7781871956540631 -0.2664604793298634,312.236336056542 -15.213897443380837 880.0826672625057,0.06143999099731445
2,438,1,1.0,-0.3601332874281472 0.8739318605264984 -0.3264155609692779 0.59917311414326 -0.0515042030166627 -0.7989611357002832 -0.7150493651308722 -0.4833119284978503 -0.5050880964719178,200.41588718090932 14.425199992166451 986.076265161263,0.04843950271606445
2,442,1,1.0,-0.4134163843001674 0.8950308387308588 -0.1673519970389114 0.49702511677805566 0.06782473088811547 -0.8650814060952386 -0.7629239323051391 -0.4408169729045043 -0.4728926621500626,209.48432478958694 101.54566342983767 874.6835988717695,0.052129507064819336
2,446,1,1.0,0.4617621231894763 0.8721772290135124 0.16150115410689142 0.6006720633125096 -0.17350294139435662 -0.7804420553016085 -0.6526628639224383 0.4573878119471675 -0.6040095823236111,172.89394280803845 -31.219420340453077 948.2346702406084,0.05632972717285156
2,453,1,1.0,0.04551765471066227 0.9868716934056991 0.15495936197664456 0.9338704697473272 0.013042002610923586 -0.3573735467291936 -0.3547028176425265 0.1609787778636193 -0.9210166905295408,81.57752762264757 73.52393502749325 1095.7655401193629,0.05783891677856445
2,473,1,1.0,0.030328315017951524 0.9237738808669899 -0.3817355240688408 0.5444904639530473 -0.3355411482275933 -0.7687276972441566 -0.8382185442784998 -0.18453713684255774 -0.5131624666259057,32.21245263298946 -50.03600215344209 1080.1096378182074,0.047097206115722656
2,474,1,1.0,-0.16665819100658952 0.9032781901839627 -0.39536509520745017 0.7856652205450173 -0.12062850386827229 -0.606777492397709 -0.5957811750939775 -0.4117490439484799 -0.6895705302658692,211.84436977824882 -34.47488446086909 887.0287601924296,0.0771796703338623
2,476,1,1.0,0.6819954717955252 0.6548807959112185 0.3255968666880691 0.5412749406959202 -0.1525695628924142 -0.8268881224527571 -0.4918369801316562 0.740171379901646 -0.45852231499619084,326.5326722064499 -137.9845061843703 926.8888951444162,0.1046907901763916
2,477,1,1.0,0.8402842861990607 0.5298105106181357 0.11499191800072608 0.2596906895345314 -0.2071538765961422 -0.9432115442361115 -0.4759023682815784 0.8224281696596614 -0.3116550041540234,215.25399945383762 -218.22749352961537 1041.1485220681006,0.08945345878601074
2,480,1,1.0,0.13475588450175868 0.9528781025257879 -0.27177964110470604 0.10605039991214571 -0.28657533569569704 -0.9521700949144394 -0.9851873752087077 0.09948818370918516 -0.1396708166784485,174.95029057679753 -238.7617532224116 1087.9432408283978,0.09958195686340332
2,491,1,1.0,0.4838963626164575 0.8389513848867179 0.24900779916143176 0.6811257341034224 -0.18240317839602088 -0.7090816700868126 -0.5494652351046749 0.5127276609543192 -0.6596956124635639,58.35588176944519 -66.70770718803402 1136.9085166639493,0.05611729621887207
2,494,1,1.0,0.23921115303923168 0.9442475241200035 0.22621811920110235 0.4955118897222819 0.0816432408964316 -0.8647556581831541 -0.8350125696092807 0.31895296582595095 -0.448355901249594,219.78888102960133 168.5647826190176 998.6239848734863,0.0786130428314209
2,499,1,1.0,-0.5830185040550663 0.8035080249452474 -0.12026752586621203 0.17714942335809203 -0.018745930790669663 -0.9840054226896753 -0.7929107804370475 -0.5949986923745114 -0.13141175875595446,217.53321730812925 246.5717532779284 1086.9152081286402,0.07333135604858398
2,501,1,1.0,-0.13188393062471526 0.9813807600764766 -0.1396367881136351 0.4278393356877368 -0.0707160499329571 -0.9010842042340745 -0.8941812633248647 -0.17858063734234025 -0.4105469818244341,295.5153928364616 -58.98485847779682 887.3362013176679,0.06333518028259277
2,503,1,1.0,0.5177583549278315 0.8145922397439128 0.26146848538862527 0.24840273689393222 0.14931814082641043 -0.9570789795642513 -0.8186710976979887 0.5604851253772399 -0.1250362268497815,186.8472284757159 57.12785282089474 1074.7740307090091,0.04688119888305664
2,521,1,1.0,0.201298791978062 0.8903783373643639 0.40829549679177735 0.5454372014742268 0.2443383055732684 -0.8017462514271881 -0.8136197241931495 0.3840901050298685 -0.4364604628394281,173.60081509934733 -111.19435515124701 995.1599858542709,0.06059145927429199
2,527,1,1.0,0.365798989497078 0.9301675040789763 -0.03129718259530734 0.3132935562935492 -0.1547321944686259 -0.9369658988350985 -0.8763779132702155 0.3329359733498479 -0.34801636568088573,201.29060950066085 -9.667670719113902 974.9658185140661,0.06424856185913086
2,529,1,1.0,0.27518286611387066 0.9589354572134634 -0.06868172315952553 0.36889720368492834 -0.17129242908924974 -0.9135500844782102 -0.887800227140541 0.2260568349674711 -0.4008853502607615,215.57759471405066 17.10775685383726 993.0064165835761,0.06050395965576172
2,532,1,1.0,0.6886733823364154 0.6347808048844716 0.35040305679537664 0.5917519332335828 -0.21279101703866166 -0.7775278982660169 -0.4189971622524896 0.7428144538294029 -0.5221762779047766,197.97480897352827 -205.9286691968034 940.9695828048034,0.04725337028503418
2,535,1,1.0,0.7760593452487163 0.5872610448608068 0.22990510616584137 0.6267375167175632 -0.6775656683449315 -0.384843929689671 -0.07022804134272435 0.4427518834169764 -0.8938896978598001,216.0978693153979 -141.49781587990842 1030.6630102561446,0.050331830978393555
2,540,1,1.0,-0.003317676457394114 0.8963159228304662 0.4434036079053637 0.660357817424116 0.33493856065035166 -0.6721188239860034 -0.750943770191738 0.29057516595545485 -0.5930004443001524,175.59869494940102 10.379495971258509 909.5152914203858,0.059647321701049805
2,543,1,1.0,0.3401401657444308 0.8979584014951748 0.27924071485294094 0.31053906061904846 0.17303007712980617 -0.934679669319009 -0.8876205042005225 0.4046372469171414 -0.21999667936159004,207.8798269610514 44.38086409569102 888.8079837645486,0.0612950325012207
2,549,1,1.0,-0.126803155496235 0.9859170977637445 -0.10903410518417025 0.9634610700260579 0.09627277857101268 -0.24994863202358286 -0.2359316136096248 -0.13674439090263202 -0.9621004340796375,314.89339168201036 1.7223671869626225 799.0759150438221,0.05356550216674805
2,560,1,1.0,-0.1977306977888974 0.9442662885759483 0.2631800665151514 0.5204038684214638 0.3286406690882092 -0.7881466388643865 -0.8307119746843015 -0.018880860156726242 -0.5563821782155236,267.5006119163519 70.80508493965984 828.5138975348182,0.06221818923950195
2,563,1,1.0,0.16861866471185372 0.9728559464108295 -0.15848991590596573 0.4192018169420208 -0.21630503115455957 -0.8817493805893675 -0.8920972943481554 0.08224014245071443 -0.444296045882007,132.95247785391672 -46.9497624985583 880.3601028540639,0.06805825233459473
2,571,1,1.0,-0.5873821271650657 0.804449113804107 -0.08856556885624 0.3612879899562995 0.16271742862128769 -0.9181470616062618 -0.7241914284223332 -0.5713008504480478 -0.3862151126988145,215.02787436065077 104.39887994173944 829.6446635254015,0.06459236145019531
2,575,1,1.0,-0.5435011063330659 0.804489633447001 -0.2395891840026249 0.2660479652079205 -0.10561548995788006 -0.9581564843435973 -0.7961312879314935 -0.5845013241706706 -0.1566306943714234,75.45957162915263 70.41340314374271 878.7330845319417,0.06306815147399902
2,589,1,1.0,-0.23491410170560634 0.9714815430069903 -0.03223315709956456 0.8707835928569516 0.19559759940111365 -0.4510848185426553 -0.4319158473950532 -0.1340342892892657 -0.8918988227729279,172.7467168498308 9.67487815149981 779.399361457855,0.0618739128112793
2,603,1,1.0,-0.7810104872803791 0.6168038751452508 -0.09785498640267107 0.26795059690560286 0.18942109032508636 -0.9446280369319913 -0.5641144355323626 -0.763984705439748 -0.31321282457483457,97.66891628399544 -17.16080163013587 759.8578389895536,0.06221461296081543
2,607,1,1.0,-0.36272264789412567 0.8595984976245777 -0.35989262785759124 0.40501859186465816 -0.20239672629804106 -0.8916252045718566 -0.8392807759913504 -0.46917586048879845 -0.27473949658895447,73.11383749094907 -49.019230687336304 752.1826314607351,0.06261181831359863
2,611,1,1.0,-0.3718305335028521 0.8573823984625668 -0.35586159832378794 0.486255763136038 -0.14665806022750016 -0.8614213522935781 -0.7907574768359601 -0.4933425140578132 -0.3623751876869369,64.00795380768363 -68.6967522876711 699.9272107181467,0.0847172737121582
2,615,1,1.0,0.2141236622727204 0.9267172784947035 0.3087817076743511 0.6332366555674798 0.10899906297795892 -0.7662444403163002 -0.7437488791928573 0.3596029616247582 -0.5634920715414471,87.91965506396345 -115.96309051515873 834.1918088860652,0.08235549926757812
2,625,1,1.0,0.33979803490213256 0.9385412339724338 0.060643611453721935 0.32529962368363086 -0.05678428755770265 -0.9439044970323279 -0.882449687125525 0.34046423721158303 -0.3246022995482283,18.34346738935935 -78.98912044724291 895.7469025164082,0.07574176788330078
2,642,1,1.0,0.4709881952017927 0.7844526057149162 0.4034900610518632 0.634779747679173 0.01622972436279202 -0.7725226650289772 -0.6125559500298103 0.6199763749000329 -0.4903106185357302,150.11203317595346 -134.62461662149764 843.1260156370656,0.10328078269958496
2,648,1,1.0,0.24033868668806035 0.9664658141509777 0.09044968633747125 0.38743586473972974 -0.01007334256716319 -0.9218416233187254 -0.8900172843234209 0.2565976575244073 -0.3768645323701215,170.10717456233908 -110.2965477597188 874.2921100084691,0.08324289321899414
2,649,1,1.0,0.4538244999043778 0.8621164537900212 0.22538532203996597 0.46297322641157646 -0.012007224209200806 -0.8862909331550475 -0.7613797442226816 0.5065679092395292 -0.4045860086756534,185.87873946860972 -119.26427523470257 809.7841915521601,0.08031702041625977
2,650,1,1.0,-0.5365355677954391 -0.8124240229532771 -0.22824721557740607 -0.481741158576871 0.5169447381966324 -0.7075970560875933 0.6928600440373509 -0.26969491018413355 -0.6687373287003893,147.764452941548 -2.00069336271587 898.6954536564282,0.0609893798828125
2,652,1,1.0,-0.43824153815254296 0.8985532406504015 -0.02337579847523072 0.7693726507419409 0.3615370275691454 -0.5266466576242421 -0.4647688441881751 -0.2487831413362412 -0.8497628316529616,181.1031367668446 -34.66891711191518 694.8201007448631,0.0766150951385498
2,667,1,1.0,-0.824718885386216 0.5624081048113801 -0.05946329733364322 0.2742472518861865 0.30575808107401914 -0.9117567881243375 -0.49459802357085114 -0.7682506879270626 -0.4064033410042328,100.1230316806006 14.44368640698048 668.3661333240002,0.08700275421142578
2,669,1,1.0,-0.8609095638966623 0.5062370149123075 -0.050584657001257055 0.36119904268514547 0.5381637392707114 -0.7615215304228111 -0.3582875581911731 -0.6738722983376317 -0.6461626352386562,89.18019925816579 -18.306695559134603 661.1288057155258,0.06333708763122559
2,679,1,1.0,0.2604586887229403 0.9618005832047508 -0.08426689513520208 0.6403222696457466 -0.23740294562892306 -0.7304979345641094 -0.7225985486177271 0.1363065646024117 -0.6776959923017419,19.97139281137803 -138.6979341663918 794.7236236619062,0.07257485389709473
2,691,1,1.0,-0.2169143513329984 0.9753256808942753 -0.04108503832179333 0.9390121729240123 0.19696374108816506 -0.28188902745066124 -0.26684134478433014 -0.09972512664656347 -0.9585669490593848,167.4640384454313 -91.57988028691689 684.9836682172693,0.07532906532287598
2,695,1,1.0,0.20355519226359642 0.7862532683131286 0.5834133027018276 0.7366598689814409 0.26951164326363997 -0.6202384312323602 -0.6449011716028876 0.5560299202491322 -0.5243407352599707,146.84840041535176 -95.94037944037248 692.8563511831301,0.06575846672058105
2,703,1,1.0,0.5600275985158328 0.7917080597819537 0.24406441153286335 0.7441339016131667 -0.35119185170114775 -0.5682684398844307 -0.3641892713556432 0.4998626124996881 -0.785813936790658,251.095096968052 160.0660522902545 962.8684211368928,0.06032824516296387
2,708,1,1.0,0.5907766370291911 0.7217460987352653 0.3606459955425882 0.8060373472460709 -0.5080777577261042 -0.30357995149306466 -0.03587143689618366 0.47004208435462363 -0.8819147798685336,207.7094746857311 130.39765730730352 924.3460885786111,0.05217385292053223
2,711,1,1.0,-0.03082835776022974 0.981837490349513 0.18720244363249422 0.7902268428256315 0.13862578639978262 -0.5969291651635696 -0.6120385194051448 0.12953005013977145 -0.7801479455046629,102.06762313885578 257.3156393113618 932.6677203779429,0.057646989822387695
2,727,1,1.0,0.11438331180346817 0.9913335572257391 -0.06460832995081062 0.07548703341588081 -0.07352025472064777 -0.9944327427895165 -0.9905645692063392 0.10886941932413013 -0.08324231958016559,208.0213181129617 214.25798905071775 929.2978316682712,0.061128854751586914
2,736,1,1.0,-0.1530930519416962 0.987984569920497 -0.021189786364837593 0.37754760059976045 0.0386600051387872 -0.9251827999287667 -0.9132471334357095 -0.14963921144432452 -0.37892978197784866,-48.0231849742707 209.9678751787367 882.9078020265574,0.06300926208496094
2,737,1,1.0,-0.23724118571864772 0.9599595008377132 -0.1489777720004516 0.6044287704379051 0.025806477572436592 -0.7962410986517998 -0.760514616076333 -0.27894763391488314 -0.586349500100031,-2.2583141505334314 180.1309836512177 870.5657643125277,0.05350971221923828
2,739,1,1.0,-0.019729493872165826 0.9957886111940446 -0.08953093815985586 0.34493057511668873 -0.0772711290142094 -0.9354421793839208 -0.9384208253343582 -0.04933775873613622 -0.3419534180874296,-13.894410317584473 73.64572482363397 939.5454552621334,0.05503439903259277
2,740,1,1.0,0.17007482327888385 0.9788028229751401 -0.11410341021438702 -0.08169567260921251 -0.10138678824462699 -0.9914870328180633 -0.9820388849549617 0.17794873673430656 0.06272061488123143,60.86795777299946 187.96133638310633 900.5236245074121,0.05592918395996094
2,750,1,1.0,0.6649141804663103 0.7446280522761632 -0.05846534339437243 0.43763921225405616 -0.45182625696608375 -0.7773834018125595 -0.6052776656316203 0.4913065206970345 -0.6263041195841765,212.40789744694814 35.087447685252144 850.3680606411629,0.053986549377441406
2,754,1,1.0,0.8419658415436287 0.4229967911277943 0.334913774529083 0.5353346408888189 -0.5777054383951421 -0.6161763130087977 -0.06715909423278121 0.6980903531379486 -0.7128530808782175,260.7540279543518 -53.5999776135428 941.278375847054,0.05915689468383789
2,756,1,1.0,0.9072188184607024 0.37372821979911364 0.1930834875294968 0.35379747327220235 -0.429597724916779 -0.8308267825801796 -0.22755518745344658 0.8220541420564178 -0.5219632402678506,229.17929596227805 -21.20218833220133 946.3010215921026,0.050765275955200195
2,757,1,1.0,0.5731467938879113 0.8152053210242987 -0.08332488961695761 0.3917979570731096 -0.36192148004028246 -0.845876588586532 -0.7197201633199849 0.45216493324794826 -0.5268299152967043,260.54165680202016 -37.8646910995168 944.3354630943259,0.0599825382232666
2,758,1,1.0,0.8303782773052165 0.4706028741141776 0.2983368087499374 0.4490259103453558 -0.2481453060540347 -0.8583703390273186 -0.32992066988617985 0.8467330405498684 -0.4173673557227845,231.58986161625535 -61.876526575574196 968.3344615085143,0.04484367370605469
2,761,1,1.0,0.4618688537819726 0.883792660139852 0.07475089156024367 0.30906188628219305 -0.08137148293610041 -0.9475544481519111 -0.8313590754624742 0.46074853841081737 -0.31072958017941577,214.15518876921067 113.02877615811255 935.9380645837026,0.06216859817504883
2,762,1,1.0,-0.14144640879997705 0.9889873476205322 -0.043553871057513016 0.38816945304103934 0.014936208613522961 -0.9214669746648947 -0.9106686494897089 -0.14724447670034357 -0.3860073508598403,-226.5161657928303 -100.88376600434272 902.279696691124,0.05602264404296875
2,764,1,1.0,0.7973656754955022 0.6026908449838759 0.031172502533845597 0.40304663138701496 -0.49336667865263056 -0.770806547275548 -0.44917857525618987 0.627178655382893 -0.6363061698293722,-176.1057120581915 262.0656366239296 830.4926697909711,0.0714566707611084
2,768,1,1.0,0.7112091101472862 0.5670638201228837 -0.4154759024915251 0.57027393412307 -0.8109913411888116 -0.13069309307139756 -0.41105868401397616 -0.14398495902146993 -0.9001661457043826,-182.71325926987907 181.08300209868918 898.275227409067,0.11823511123657227
2,769,1,1.0,0.7877875610318353 0.6145750748698662 -0.04108814953500643 0.558694668805696 -0.741056274662976 -0.37241893726115166 -0.25932802727743537 0.2704312761707314 -0.9271547331147393,-214.0704632741419 145.15340049788085 927.0920149345376,0.09759378433227539
2,770,1,1.0,0.9238143800020181 0.35560139155647663 -0.14182609641593927 0.24180653049909084 -0.8291859439813584 -0.5039645544199867 -0.29681070248472874 0.4312752260759258 -0.8520006374784475,-168.7007658776883 235.04546134308714 675.7687382971039,0.10612654685974121
2,773,1,1.0,0.3971783098646857 0.8909563078745902 0.22010508315690863 0.8903023575704813 -0.3158503476345821 -0.32802480089706065 -0.22273549846729462 0.3262444104618373 -0.9186694086367163,-335.3650437062206 105.41500243785205 914.3654546939016,0.10190892219543457
2,775,1,1.0,0.7202233836964831 0.6890833863823661 0.08026433945781519 0.6851452470491649 -0.6883636842450854 -0.23818360283292211 -0.10887730719818264 0.2265381310604092 -0.9678978288811941,-143.80069218677724 206.934332046723 909.514714037424,0.10151910781860352
2,785,1,1.0,0.8499913683004809 0.5252244721835847 0.04066850912130701 0.29351655850246106 -0.4080720730334858 -0.8644797355028192 -0.4374502299685603 0.7467371940847917 -0.5010198192395441,3.630012560545371 192.94929239945168 801.3105949198051,0.08489632606506348
2,791,1,1.0,0.7489284369489171 0.6612883604532191 0.042472351693142285 0.29327921070571084 -0.2733074479694998 -0.9161279078012167 -0.5942167120647885 0.6985704998162267 -0.3986298482168885,-219.378553700429 49.457434943453144 782.9143853386004,0.07201528549194336
2,794,1,1.0,-0.41338221331653896 0.9087342924078251 0.05759454414759302 0.4137908531738682 0.24382342096573295 -0.877113031038879 -0.8111055884058265 -0.3387508305386375 -0.4768182035810102,-184.097985812956 -1.5821357038204935 936.9029598877516,0.07041120529174805
2,801,1,1.0,-0.15563825837136014 0.9875516528896848 0.022769835440357822 0.39574052282455696 0.08345568900029743 -0.9145625110226374 -0.9050779917364448 -0.13332996980550477 -0.40380310551800763,-104.88637577688526 63.78607530102397 1049.643362572978,0.054671525955200195
2,803,1,1.0,-0.2626089618873852 0.9627930483607996 0.06376581501517153 0.07083109276341931 0.08514228928561707 -0.9938479495743524 -0.9622990644463757 -0.2564767759531524 -0.09055481192243042,-86.59005863533747 136.55142761975722 1092.4548251241258,0.04357433319091797
2,804,1,1.0,-0.3498108389704649 0.9366208437468886 0.019333183846589497 0.30000684405944905 0.13154958531208993 -0.9448230522810643 -0.8874842367367823 -0.3247092571256381 -0.3270101342170413,13.878801732138347 75.19814734732199 1198.985140746706,0.049233436584472656
2,808,1,1.0,-0.08791356004332107 0.9537723212210107 -0.28738400309202067 0.3123025813100488 -0.24756523361897265 -0.9171578668965686 -0.9459060754998827 -0.17038137919346885 -0.27610121686899813,-113.31904225483714 -50.20128162514126 962.029008588021,0.05611228942871094
2,809,1,1.0,-0.15198449131049885 0.9864826181693036 0.06125976208674311 0.7808704423757109 0.15784062481629269 -0.604423435499951 -0.6059224922587461 -0.04402705086009817 -0.7943044455166495,-459.80925147054364 29.675830248813938 887.4633114704741,0.05595564842224121
2,819,1,1.0,0.0023794016132584472 0.9998186012858007 0.018897168329361197 0.9506813625460223 0.0035995254940317523 -0.31014833600046354 -0.31016009633026853 0.01870315318664756 -0.9505003454524756,-318.7362830469294 276.0878950814344 847.2079294161255,0.06375908851623535
2,821,1,1.0,0.06806287569565106 0.9963868392559414 0.0508007038296992 0.764626762765303 -0.019387865537595417 -0.6441816702863788 -0.6408692211481928 0.08268843466562059 -0.7631836372443124,-254.41054023936624 160.5218242831386 872.578562197811,0.06334614753723145
2,828,1,1.0,-0.31475939790005836 0.9432757855351624 -0.10562818684714237 0.5808096689964494 0.10339092182049603 -0.8074468686454502 -0.7507240836910906 -0.3155013624505133 -0.5804069610695949,-342.3713943464646 70.84433101236564 885.3074411153734,0.06462955474853516
2,837,1,1.0,0.5240990044204076 0.8495310670754541 -0.06014315953770488 0.6349682935664638 -0.43683835913865715 -0.637171495086165 -0.5675698192564776 0.2957519468383696 -0.7683718411098128,-174.67394780133546 213.7209063923269 753.0059662792388,0.04582500457763672
2,840,1,1.0,0.22268259283487124 0.9695886185121917 -0.10154001034054527 0.5545634684797486 -0.21164509634520678 -0.8047768091966483 -0.8017928799110461 0.12289940620136192 -0.5848281060955459,-246.06569920135513 101.91724350080737 732.5206051734698,0.06345462799072266
2,844,1,1.0,0.16183671490143603 0.9843140523665301 -0.07024759087463778 0.48219535324482243 -0.1409876303162766 -0.8646445104243139 -0.8609857832850736 0.10605816522823786 -0.4974486371168463,23.397006446400248 -96.78371036010265 834.0997473119104,0.05692124366760254
2,850,1,1.0,-0.3317801349738351 0.9323128896001025 -0.1439257375254699 0.2602783794664711 -0.0561769895333698 -0.9638979775003551 -0.9067398233336017 -0.35726295880272035 -0.2240224788910128,-136.20157498264268 -97.01892058828606 880.605361376048,0.06121230125427246
2,856,1,1.0,-0.2101168803747856 0.9775277940605565 0.017038439502196523 0.3600128264774142 0.09356316998591507 -0.9282438785114231 -0.9089783613229256 -0.1889056512158615 -0.3715817454953891,-51.72801456071944 -111.15918497183318 897.4236573485181,0.06182694435119629
2,867,1,1.0,0.5771920440320225 0.43123332568716227 -0.6934602822966329 0.19508292393350796 -0.8974232206940829 -0.3956945990895157 -0.7929640578838923 0.09310951495872627 -0.6021118011868407,-76.44295192339271 63.04479717088934 818.9935329588569,0.05985283851623535
2,871,1,1.0,0.1540599964545235 0.7513764692059126 -0.6416376851589127 0.18118068041610985 -0.6598621963416523 -0.7292156353803216 -0.971307921586346 -0.0039093941764338225 -0.23779326756825092,-231.4390341589363 9.627838781577664 749.0068198208697,0.061478376388549805
2,877,1,1.0,-0.4931593395186276 0.8698745913297862 -0.010585896484884283 0.29447451303685435 0.15547197196406948 -0.9429280073819588 -0.8185833048732784 -0.4681310300465473 -0.3328283516924304,-176.36410173096982 -8.462259316295617 943.3779787980524,0.04655861854553223
2,883,1,1.0,-0.25246846119952615 0.933679749705467 -0.2539720478507038 0.25634793255092886 -0.1885545926566623 -0.9480152441100009 -0.9330302318662606 -0.30444915926639865 -0.19174278564153402,-154.9852086546672 30.93196690989646 845.6149386408068,0.07599616050720215
2,886,1,1.0,-0.3900030145482245 0.8754215807728003 -0.2855428243898783 0.301552174988685 -0.17157459219910032 -0.937885091613736 -0.8700367431338121 -0.4518840727763747 -0.1970706735365393,-197.14094989678964 -24.500116010526796 894.0040584041753,0.06340932846069336
2,902,1,1.0,-0.2563697284368228 0.9616778652759785 0.09721237462106574 0.4172312385052151 0.2008240900626328 -0.8863338978431996 -0.8718902774756889 -0.18666914123323147 -0.45272726420507725,-73.65187275140347 -131.93084805319265 771.7007488806896,0.06450057029724121
2,903,1,1.0,-0.41852777842366373 0.8939852535897023 -0.16007768442824355 0.23495993359431722 -0.06367535955634218 -0.9699171501683659 -0.877284633567183 -0.44354911221816934 -0.1834008090422916,-108.65235549935487 55.31665598347041 910.7115981658411,0.07390832901000977
2,904,1,1.0,-0.4435145503584576 0.8834419381311882 -0.15108006344764685 0.29778981737931476 -0.0137380045918849 -0.954532603893145 -0.8453496721981559 -0.4683392031218858 -0.25698700849192235,13.174945622748787 2.0738322394258653 899.7326541666334,0.11776065826416016
2,907,1,1.0,-0.9693153581399985 0.22274637288420912 0.10397975688015185 0.09222091472944184 0.7216062795525199 -0.6861338646334513 -0.22786627517118815 -0.6554909844363225 -0.7200059235605698,-357.59591569833526 39.98731252765435 757.6013467122409,0.06986451148986816
2,909,1,1.0,-0.987543919636395 0.08478543401061808 0.1325459805834052 -0.06350955151365631 0.5559345225661435 -0.8287963220753872 -0.14395674230726233 -0.826890704264346 -0.5436250725872516,-351.5118573113325 -33.04328402935859 834.1139097466917,0.07435154914855957
2,918,1,1.0,-0.696972076174678 0.7160140780243291 0.039417827232470004 0.56491233573019 0.5820858454118607 -0.5848505121063163 -0.44170575949677177 -0.3853568588232592 -0.8101827654210195,-341.22852298947066 187.1573462162717 689.3740460919366,0.08828616142272949
2,972,1,1.0,-0.9377903954604504 0.3333231129129991 -0.0971847548750322 0.2879492019771893 0.5902635978711265 -0.7541048614807709 -0.1939959568208366 -0.7351765688773145 -0.6495236572373227,-350.35939875592356 92.04909676786586 684.2009589306972,0.0694122314453125
2,1001,1,1.0,-0.1957684542224145 0.9794121491019687 -0.049260070268211886 0.5173728322489979 0.060481065264746725 -0.8536201691590304 -0.8330666628679944 -0.19259772308078876 -0.5185615221765679,-127.92644641204217 100.84476981497548 396.01041989723916,0.08281564712524414
2,1012,1,1.0,-0.3223151177865855 0.9455386647124722 0.04549283877682736 0.5874363576559893 0.2374677671308465 -0.7736456458080496 -0.7423149537427383 -0.22263353994320995 -0.6319832405548989,-200.36799393687335 44.60680366976015 995.758754722453,0.0529789924621582
2,1038,1,1.0,-0.32840467776820237 0.9209607554095667 -0.20971803598022642 0.5166744318683703 -0.010711037594199668 -0.8561149485478876 -0.7906945674996508 -0.3895081009030441 -0.4723193202246167,-133.42957134876758 -64.10236851916697 819.9150707837782,0.06327247619628906
2,1050,1,1.0,0.19941924544609974 0.8618731453519606 0.4662688557761784 0.5881000568625283 0.2753403952421996 -0.7604774749235909 -0.783817764320253 0.42586658482321404 -0.4519594719297438,77.33880305702029 11.613419344080144 929.0914345681855,0.06339406967163086
2,1057,1,1.0,-0.036351901381072915 0.9962273355295799 0.0788012386299537 0.44660391830823515 0.08673602653399926 -0.8905177156310956 -0.893992997409774 0.0028209297629596675 -0.4480720510560332,-120.20229342740457 57.36115617156895 848.7147542442012,0.05771160125732422
2,1061,1,1.0,-0.14200863545201792 0.947215656761154 -0.287430073311043 0.40604282654048385 -0.2090767045194104 -0.8896157342596398 -0.9027528844994462 -0.24304203589881085 -0.3549194251010935,-197.6921133742004 108.04880327156229 782.2676690884407,0.053052425384521484
2,1069,1,1.0,0.05288037726499162 0.9623055125075062 -0.2667803709008177 0.35146873056141453 -0.26799556297392335 -0.8970217999936443 -0.9347049786632464 -0.046330107100627904 -0.35239200336866955,-294.86356712057733 69.33891375121718 854.9709445702986,0.06135845184326172
2,1071,1,1.0,0.21836723110788192 0.974414025320349 0.05322649375330679 0.46084360220550685 -0.05489048408689001 -0.8857822582683395 -0.860197027828235 0.21795490821658697 -0.4610387524924231,190.40662866181793 45.14253438677803 940.5137275163438,0.06122636795043945
2,1087,1,1.0,-0.2813658270733911 0.9452970191265156 -0.16506609883871037 0.4392905004204338 -0.02604751086043222 -0.8979673621119761 -0.8531454316795418 -0.32516929868685335 -0.4079311211415825,-120.18027939509382 82.19359651055947 893.2238008431066,0.059987545013427734
2,1098,1,1.0,-0.16177353927012306 0.9289619934367888 -0.3329548569130134 0.45463015510157634 -0.22930225010382987 -0.860657829900848 -0.8758657112048251 -0.29060298148379005 -0.38523909859773786,132.63054143115835 -121.6649333928939 870.3465637819637,0.08961677551269531
2,1099,1,1.0,0.5498538050740294 0.79782058628446 0.24727131889147852 0.7199850883237281 -0.30265060528258947 -0.6245190819451039 -0.42341736577174544 0.5214258559208611 -0.7408325122050957,85.62874365848847 -97.8724742272883 987.6432202287399,0.08379673957824707
2,1103,1,1.0,0.22683884991251413 0.9683331709653165 -0.10428329769729672 0.8625483353001988 -0.24946493021256044 -0.44020179221000255 -0.45227702289771887 0.009905483445926205 -0.8918225024950193,330.06567777211194 -61.68571734306325 913.4231674843961,0.08190441131591797
2,1107,1,1.0,0.7596336470422904 0.43000111959596016 0.4879095812007067 0.6110020027612185 -0.21486986996653878 -0.7619104222953919 -0.2227852663508251 0.8768865240877997 -0.42595392822488265,393.4660205982096 -84.87757792252883 981.2264704302916,0.09412980079650879
2,1117,1,1.0,-0.7461958099100383 0.6643999189015446 -0.042006678472866044 0.11067402583587527 0.061583538912779234 -0.9919469379660677 -0.6564625452209607 -0.7448356969819576 -0.11948519248601108,261.91016535857597 155.16175309290884 759.1022676727607,0.07669568061828613
2,1123,1,1.0,-0.7102394921208239 0.6930497078164357 -0.1234583586781679 0.22932969338444437 0.06197943485315949 -0.9713734819251961 -0.6655582285301196 -0.7182204760035985 -0.2029571193257661,44.53526614232475 48.02343055776766 781.7862522683422,0.05330944061279297
2,1131,1,1.0,0.3204229063599547 0.8078533267507171 0.4946737950787759 0.4609839258343045 0.32321990904819936 -0.8264518803398454 -0.8275403199858193 0.4928507815279112 -0.2688403354132245,258.3166459687335 -29.329289058670415 864.042946487668,0.05784749984741211
2,1144,1,1.0,-0.7348688402249555 0.67494907407756 0.06641938774389161 0.5934296722792153 0.6873283036073192 -0.4188329346157827 -0.32834282651675545 -0.26837203740727117 -0.9056309611607026,97.80017622165178 206.3284265771685 752.474953898983,0.056849002838134766
2,1148,1,1.0,-0.1388393338063727 0.989737464124318 0.03381407246942 0.8474891286804391 0.13641088058963147 -0.5129856220453276 -0.5123336960972534 -0.04256552320277507 -0.8577309368781105,123.7568066314992 -5.766315384621072 706.4483651910924,0.06298995018005371
2,1151,1,1.0,-0.05514530417036467 0.9332386163635404 0.3549995497966461 0.6420041911135579 0.305442396377931 -0.7032322241532536 -0.7647153810540124 0.18913124390954023 -0.6159868168691975,142.911014315991 75.52884004290442 746.9933615837789,0.05980730056762695
2,1157,1,1.0,-0.5366830878541333 0.8112343588882496 -0.23209928515728667 0.6104064459924261 0.1833565498426879 -0.7705740368846341 -0.5825592106406423 -0.5552289533057122 -0.5935870412237747,99.49286154100658 -20.436437630258112 722.1883773189796,0.061264991760253906
2,1168,1,1.0,-0.19392438673804613 0.9802741992400495 -0.03815529494778169 0.5649644711645011 0.079799564844242 -0.8212473292330911 -0.802002792108661 -0.1808162707140844 -0.569295176244242,194.33698219392744 -60.21988336857552 776.3512279087487,0.056932926177978516
2,1169,1,1.0,-0.3500907624748778 0.9367153982609694 -0.0008489349517261102 0.5801304221198001 0.216107909148606 -0.7853318183637539 -0.7354489454481944 -0.2754299080786459 -0.6190744820899401,168.57127752339022 -61.15910922763637 748.5954737959473,0.06217789649963379
2,1180,1,1.0,-0.9120447572957239 0.39890805425721254 0.09511427305146558 0.20478186181079627 0.6439646062095017 -0.7371390472785614 -0.3553009284573964 -0.652826125548117 -0.6690136770194957,138.5754091602166 -51.178699743014946 739.5884413233703,0.06947183609008789
2,1199,1,1.0,-0.61280918099707 0.7840174265991564 0.09890188306871 0.37683710222772177 0.3999408869491733 -0.8354885309391876 -0.6945924748154948 -0.47472514335681104 -0.5405343025142265,177.4796905365218 -107.611256880959 786.3901590873596,0.04936838150024414
2,1212,1,1.0,-0.7197615883463568 0.6942198658807459 -0.001426098751386995 0.23585136486389133 0.24259571309683026 -0.9410214948017286 -0.652929850468616 -0.6776474731035005 -0.3383437786681933,169.49153388393376 -35.4403187757441 729.903239298855,0.06499099731445312