scene_id,im_id,obj_id,score,R,t,time
1,16,18,1.0,0.7779956883279333 -0.5128897440985529 -0.3628592279957422 0.16156857726892201 0.7214589075531831 -0.6733443692134536 0.6071394434414894 0.4652323667917874 0.6441587856319823,-18.12810784862975 40.120996977436434 459.6330081181321,0.2
1,16,18,0.2050104990729064,0.5177189233393802 0.8475584692886942 -0.11666943710037792 -0.044269304570222934 -0.1096465535552783 -0.9929843211080015 -0.8544046729092616 0.5192516484619528 -0.019245271636499195,56.45590470301244 -55.986420033603245 829.3087157796447,0.2
1,16,18,0.0170151255545337,0.22010335183757904 0.014925554431805405 -0.9753623646290471 -0.3125229367576666 0.948257259671796 -0.056014136430903555 0.924058401027893 0.3171520097755012 0.21337917936184408,-69.76404464513408 112.87343604197747 946.8057327000348,0.2
1,17,18,1.0,0.6037996316702366 -0.7363967024913073 -0.3051981345860684 -0.2509899903495709 0.18776533995661754 -0.9496042343288589 0.756591058326233 0.6499723637747263 -0.07145555814550666,-28.980390097264312 25.033285268893046 717.9554628562602,0.2
1,17,18,0.0994388170916288,0.23982471886282364 -0.0922233698148493 0.9664258659009296 -0.22497962518766373 -0.973657534145575 -0.03708334467084788 0.9443877765371523 -0.2085326263718752 -0.25425552356962033,-63.53923815016448 -78.5036860373533 619.0568058324588,0.2
1,17,18,0.0824771586668382,0.801430319421026 0.32536797976213994 0.5018417288929009 -0.07555428663371969 0.8874313318347166 -0.45470559821639656 -0.5932967157198681 0.3264985589915598 0.7357973213409065,-78.09221565694996 61.73135125730628 618.9611051920483,0.2
1,19,18,1.0,0.0604956459419514 0.13213330678840118 -0.9893841852684063 0.28721207893043627 0.9469763635201369 0.14403120721091717 0.9559547575793129 -0.2928763496278584 0.01933766506426103,1.9284075472098756 51.873031122363116 678.2177213366128,0.2
1,19,18,0.993477958518159,0.7093030411569512 -0.5840750692866827 -0.39464605565399613 0.10204269456420065 0.6390400277285191 -0.7623746660578452 0.6974786622482279 0.5004839222177775 0.5128736289866463,-2.189543271465915 9.413371568185127 536.6797760667636,0.2
1,19,18,0.3318100933819823,0.4171175075682594 0.908586665001921 -0.02198310853201252 -0.07373853111975898 0.009724347712332937 -0.9972301971409963 -0.9058562876683827 0.41758317643585313 0.0710540417527376,58.66388812013887 -51.65149393983268 759.9897982714656,0.2
1,19,18,0.0468833689421805,0.18128453966128244 -0.7834582282456496 -0.5944149394774529 0.41385725066703627 -0.48752518546253676 0.7687921498103638 -0.8921087891900394 -0.3853730635811312 0.23585908953435453,27.60153241588018 -121.03570213146898 832.2550281599003,0.2
1,19,18,0.0411049149086647,0.393178356492488 0.8787713827052169 -0.27050256361858727 0.8359336415269533 -0.21912016209725182 0.5031911182900208 0.3829173891968787 -0.4239660499389493 -0.8207478672222124,-89.45178895712571 0.05554827794671535 644.0984514978685,0.2
1,20,18,1.0,0.2802373645717274 -0.7387705513041621 -0.6129315557414524 0.9550004056141396 0.27919712809554964 0.10011587756208445 0.09716606802130967 -0.6134060940265769 0.7837676435247481,17.354010196100276 59.16895911905534 854.2928233619061,0.2
1,20,18,0.9859584401329464,0.8299406687378861 0.35543745861806514 -0.429956625005409 -0.536530801218215 0.29754496798616076 -0.7896845518118326 -0.15275203998327147 0.8860762975259219 0.43764781416534376,-16.51374495654959 26.66351732805953 1129.415051940067,0.2
1,20,18,0.5440806045340051,0.9785625796765076 0.0013767980967612017 -0.20594509482835321 -0.018350004645923186 0.9965833493118926 -0.080528909118309 0.20513058032958725 0.08258167049225286 0.9752444374167718,-84.57709466136271 -56.37993982867841 661.8225100857336,0.2
1,20,18,0.1561038516770256,0.8028335464974827 -0.09031900142798852 -0.5893223011216566 0.29468194804819525 -0.7991656061195611 0.5239245017080945 -0.5182864517935948 -0.594286809526011 -0.6149815785132106,84.18077569680403 -72.01532934449286 627.6062955184483,0.2
1,20,18,0.0475893332873936,0.163087536810602 -0.026427096590781185 -0.9862576052446096 -0.3948908991790357 0.914328899452102 -0.08979889404820396 0.9041369548263268 0.4041092329958441 0.1386798281109671,38.52697532219948 39.65215809116475 389.12533857991843,0.2
1,21,18,1.0,0.08095594793555405 -0.974513370852982 -0.20921239093948116 0.9609572866259922 0.02059217543127315 0.2759294395156455 -0.2645887899633438 -0.22338230086505537 0.9381327837177248,38.81480574418217 -8.655366508642963 1343.0116423701572,0.2
1,21,18,0.981552117415958,0.7112306816448148 -0.6717003314627822 -0.2072910567290355 0.4566672538321942 0.6656795097231563 -0.5901913330540361 0.5344211230522368 0.32509914648846194 0.7801952372246701,2.422801363298447 43.077322841988305 570.3930231994038,0.2
1,21,18,0.5548609241622011,0.23028618627593503 0.5662834458441968 -0.7913857032909479 -0.6320180721332422 0.7054123847727041 0.32085280722827847 0.7399469095195044 0.4262820971752269 0.520348099564537,113.82915502958463 -13.291416405831463 619.5745686573763,0.2
1,21,18,0.3842589655980153,-0.5383903424073903 -0.8411526105346668 -0.050971805865284714 -0.32438903220481297 0.26269521689050745 -0.9087150151769663 0.7777580568452364 -0.47270869339749244 -0.4142932490383564,-54.657216366911044 63.73629618103614 935.8980937101953,0.2
1,21,18,0.1258237891579232,0.9346357108554892 -0.08212963696260664 -0.3459925009679321 0.34349495545055697 0.4602754906758339 0.8186315949577929 0.09201795245317076 -0.8839690013883466 0.4584010264068082,-35.41313612084122 -106.15891247115945 779.6949843715445,0.2
1,21,18,0.1064752949408669,-0.121415395738524 -0.9609519509974092 0.24865568473680805 -0.397637414882984 -0.18244125971234704 -0.8992217040528714 0.909473907246841 -0.208054162728952 -0.35995927187436005,3.105713423557191 27.679539302366884 820.1835982551024,0.2
1,21,18,0.0946723847644144,0.46632707853296806 0.7904828557218634 0.397084261381278 0.20264372395705588 0.34148546093716614 -0.9177816739886171 -0.8610891806123939 0.5084530802132476 -0.0009424722473737324,130.15025198471562 167.8869213112238 1513.7888977730533,0.2
1,21,18,0.0474109233880453,-0.516738417655922 -0.029965219088487982 -0.8556187780568124 -0.46169461477927 0.8513685775762758 0.24901732429606116 0.7209850833424193 0.5237114002585079 -0.45376963190257386,0.45782226799262915 -12.337339696920711 676.4150374588279,0.2
1,21,18,0.0460944527492769,-0.21568178167093333 -0.5922075397017565 -0.7763836673807892 0.7074094828469153 0.4533088818101687 -0.5422940911076518 0.6730922616057263 -0.6661841243923535 0.3211627621223879,-84.36465487749817 185.51403431734335 1685.66533843058,0.2
1,22,18,1.0,-0.27514647208866794 0.825967323564967 -0.492008535800025 -0.8331989453851053 -0.46019036083733295 -0.30660128701874895 -0.4796602300653118 0.3255807306879969 0.8148148571904918,14.814099399557573 71.07636465010789 809.0540391773551,0.2
1,22,18,0.98422324984646,0.16366137660328792 -0.29677717099832 -0.9408178700378469 -0.4271498387137673 0.8383257912086994 -0.33875194919160384 0.889245730434012 0.4573108117774413 0.010433232305395746,-20.586662691886094 -44.10950629306439 552.5544608459018,0.2
1,22,18,0.9769804451664256,0.48252024093967394 -0.8748425471153307 -0.042716915154067725 0.2848264016044308 0.20284196768607843 -0.9368719534142923 0.8282802291692052 0.4398927754601122 0.34705360978587857,-47.8874390430766 18.175114127468746 609.2712226156528,0.2
1,22,18,0.1815076415284683,0.4046982313578519 0.652570954280683 -0.6406016634110665 0.8445109109212168 0.001980379848450897 0.5355346855533004 0.35074301542702624 -0.7577250343791305 -0.5503018348182225,88.47930367477002 -99.52802014637385 1106.2140963605423,0.2
1,22,18,0.1218404804295229,0.33120115642975756 -0.9340435558123098 -0.13367284625191383 0.45790900228942644 0.28297821774345683 -0.8427589654848169 0.8250000846072039 0.21791274429971574 0.5214296656979476,30.417635674646313 10.822426754856544 572.5407142794968,0.2
1,22,18,0.0841933548006122,0.3509293087538792 -0.3992520602277288 -0.8470220851084337 0.395250379294039 -0.7568650719078086 0.5205116719093875 -0.8488967887354993 -0.5174486016310235 -0.10780160826562601,10.0617473310841 42.55706026149049 698.5157759133308,0.2
1,22,18,0.051646370800559,0.2011906522453018 0.8792487456052556 -0.43179157564813 0.4297782589331258 0.31687805231063265 0.8455051437526748 0.880234610542849 -0.3556823629524027 -0.31412909302876457,-85.02782851156994 8.026966129447706 634.365097925429,0.2
1,22,18,0.0512508496130149,0.0797095806582882 -0.9365354327309766 0.34139092839541346 0.9892957976104836 0.11631907735095723 0.08811184412131676 -0.12223014186982291 0.33071325265798546 0.9357823127922748,82.39686415556507 44.063731401256405 414.6457910582388,0.2
1,22,18,0.049623312568163,-0.24697111202164618 0.9430112713757124 0.2230134791557546 -0.5115425282862001 0.06858713005117795 -0.8565162271351928 -0.823000310802708 -0.3256156440493999 0.4654513301828032,-62.73459060663209 110.46781113783285 891.0947891417509,0.2
1,23,18,1.0,0.6284510205829519 -0.7297975915382378 -0.2691556986452894 -0.5854841975120537 -0.21599909037486376 -0.7813786837512896 0.5121108954044161 0.6486446394923949 -0.563029806019067,-67.42520291287417 -5.8437626960819316 851.6654861479367,0.2
1,23,18,0.9843909111258692,0.13669558234748802 -0.9781932192508176 -0.15637245146893175 -0.47200770062562714 0.07446691772865122 -0.878443742486736 0.8709322868724008 0.193888380197774 -0.4515354335016176,13.455012208989743 -1.223842886965544 731.7911474929724,0.2
1,23,18,0.9557718159815878,0.928034086263119 -0.20726601848672177 -0.3095053025627171 -0.26485728462505037 0.21708471104493943 -0.9395343777699567 0.26192241888548257 0.9538946618003461 0.146566096604845,110.80321715401766 56.425009712560296 1221.5801564148735,0.2
1,23,18,0.3562369449154272,-0.852632416192704 0.4650227120562127 -0.23826842033571388 -0.10560231325000682 -0.5999582485156938 -0.7930310532849446 -0.5117285552845758 -0.6510022867163109 0.5606513251536069,-110.66079814731366 -91.44936154319073 786.1803322837765,0.2
1,23,18,0.0748600346527857,0.2565526674191628 -0.9643550636071715 0.06480771663406232 0.598203412051792 0.10576154442961262 -0.7943344217201325 0.7591662575811089 0.2425568119329397 0.6040138958130203,93.98191988482105 66.29305612451145 756.2359205350873,0.2
1,23,18,0.0397240020628424,-0.23256428468782078 -0.6361149554902785 -0.7357116397674046 0.7612874332621999 0.3517056805112482 -0.5447426532346913 0.6052729115404831 -0.6867757113481234 0.4024721417161511,45.49515746313739 26.43317040843558 1596.4409143204784,0.2
1,23,18,0.0289614181671125,0.945758557024235 0.2058875945314343 0.2512987270829212 -0.09412506496646955 0.9140152875071731 -0.3946093338331438 -0.31093604480744064 0.3495516451416576 0.8838169626219368,70.51636283415915 -64.83960243592158 625.8374120120577,0.2
1,23,18,0.015718012646659,0.7463135185085672 0.21104096137776196 -0.6312510156127374 -0.3224831865752742 0.9443018519348768 -0.06556376139773308 0.5822548638419601 0.2524989604990721 0.7728023993746841,124.34580763975968 418.1267451745235 3185.7471644641873,0.2
1,23,18,0.0123262336552505,-0.0610101853265948 -0.9981316110773875 -0.0033232897064776057 -0.023957603392571913 0.004792910502054437 -0.9997014860690181 0.9978495831166632 -0.06091235487959651 -0.02420525762976522,-60.506477543298246 -1.7642038952940675 866.3660422710169,0.2
1,24,18,1.0,-0.8436059896473664 0.21663518843728763 -0.49132283619004363 -0.5291119730144311 -0.4912661837026419 0.6918800884279138 -0.09148472136845259 0.8436389819590978 0.5290593670611583,-45.758227919832635 -76.00216438072603 697.5250675450766,0.2
1,24,18,0.988219142644552,0.7293560676742911 -0.6377784467915406 -0.24754470173054552 -0.08010824924728521 0.2797306115534485 -0.9567306064731432 0.6794279909962715 0.7176276456269669 0.15293190407062468,33.75210952899048 67.69303220767696 927.4382342905571,0.2
1,24,18,0.9096701897820688,0.20962694604493382 -0.9776584596819344 0.015507408043307636 -0.4179033265014385 -0.10392143603782622 -0.9025281961417426 0.883975878172536 0.1827136320699232 -0.4303514557485665,21.557400679401724 -7.687941401035808 655.5552267409392,0.2
1,24,18,0.4576593502150881,-0.45979970692272426 0.8858345872223454 -0.06230018936082099 0.1845339745736711 0.026687816896299954 -0.9824637258735582 -0.8686376930238642 -0.4632330347783145 -0.17573762758229228,-10.859677610982372 54.370516689896355 909.3485893345378,0.2
1,24,18,0.2141275518894323,-0.3947708519276659 -0.24204165628150004 -0.8863248902591043 0.8813463159258275 0.1727922379843816 -0.439740280047576 0.2595855270855379 -0.9547558217245167 0.14510918306870324,70.42575370415126 -8.580926542852854 599.1383531051533,0.2
1,24,18,0.1947843548575065,0.19511484783411712 -0.9741734724572688 -0.11364964458904547 0.31757076705131154 0.17238561593861326 -0.932433379567627 0.9279434271921488 0.1458397921625369 0.3430040101119477,23.22857612455912 -12.844106043081027 482.3544905728906,0.2
1,24,18,0.1921451559404387,0.13541332958383015 -0.2772778718260948 -0.9511993544818101 0.24719445289119982 0.9391372597494774 -0.23857097436625144 0.9594572072952713 -0.20282551404060076 0.19571325510379883,116.83026131652866 -12.146575898449466 703.6890857830198,0.2
1,25,18,1.0,0.41228470225631453 -0.3846916026531486 -0.8258533133272361 0.7369388630293261 0.6737962195952458 0.05403486482077302 0.5356700817130504 -0.6308811499064678 0.5612900660533969,-40.86755420397894 35.250814806594256 540.296627766804,0.2
1,25,18,0.8895234539283483,0.336041816997977 0.11103125182331824 -0.9352796150602477 -0.3749510405142377 0.9267154066593644 -0.02470368955155039 0.863995147235208 0.35898553756205254 0.3530464124945835,-22.2713321050651 -47.762477129943214 780.9321805082734,0.2
1,25,18,0.8188009987787518,-0.983942042286818 -0.12868749893404108 -0.12368340648020179 0.06473041003846476 -0.9030485088201372 0.4246332120006382 -0.16633710180443165 0.4098083922223017 0.8968773886253767,-12.452664166034333 47.92339632047732 612.3590836760908,0.2
1,25,18,0.7088598831646663,0.7154172314094223 -0.21122585448979028 -0.6660043719057216 -0.6140922271896307 0.26457756299737156 -0.743565363410407 0.33327004291978574 0.9409475817246301 0.05957119218896344,-57.29298433087133 77.58108770700213 703.8023508841989,0.2
1,25,18,0.5469446756432296,0.8422910124497823 -0.4035133090917317 -0.35738335122409015 0.5282845257258679 0.7496634661829411 0.3986478989649554 0.10705750896091135 -0.5245776366339105 0.8446046370454436,41.9022303103184 -126.85577831694317 1080.203082851262,0.2
1,25,18,0.2288936036155168,0.1762023283149654 -0.8609910973490271 -0.47712374682266995 0.4052084295363782 0.5051778641565797 -0.7619720822962337 0.8970835346438186 -0.0590733091329278 0.4378943662791729,35.664768672533185 59.794013337702566 833.6863472329737,0.2
1,25,18,0.1780848832294883,-0.39572116977398886 0.7740090202841966 0.4942820979070595 -0.781590190589384 -0.5664419829989018 0.26126663367280983 0.4822048628613738 -0.28293730120818267 0.829110941803251,-11.970883535451788 62.92887478864493 993.3740733006431,0.2
1,26,18,1.0,0.6130723762256316 -0.6304090939984144 -0.4761582045005166 0.028992924036895906 0.6202587300945777 -0.7838612875357811 0.789494567343467 0.46675848352821614 0.3985408965082398,-5.5463560688925995 4.945397171932017 514.9298538060838,0.2
1,26,18,0.9147852711467274,0.17891598539848785 -0.9779179841144403 0.10800688179202919 -0.8051155723410264 -0.20862208197944332 -0.5552168423999255 0.5654891558136809 0.012379146017060472 -0.8246628228561167,-57.002305327598464 -1.5749148221430858 792.3185666648791,0.2
1,26,18,0.27719005651384,0.001900099614555839 -0.992776982354617 0.119959380326489 -0.5510061680132942 -0.10114575326837127 -0.8283488029852395 0.8344990068494751 -0.064524413229678 -0.5472184277458185,49.46940993719441 33.81788294540026 673.7963899847089,0.2
1,26,18,0.2618959890780652,0.46369821041453363 0.8774684731814149 -0.12260933174532729 -0.04101976300633642 0.15949967924657818 0.986345391515134 0.8850431338083263 -0.45233718716563154 0.10995326464376398,-82.98019422810654 -67.14269500967136 645.7739375910676,0.2
1,26,18,0.2298777090807523,-0.27842372006305016 -0.6306014955621497 -0.7244459854958357 0.9539618128903173 -0.2691469502746804 -0.13235096790298895 -0.11152170933621663 -0.7279434545022154 0.6765066410569152,-92.87062459070594 -9.858532904339697 1596.4947640403013,0.2
1,26,18,0.1531279342219106,-0.5479743471428185 0.6300173987096724 0.5502746516027242 0.587188820853392 -0.17880765990457592 0.7894536778204613 0.5957628752601196 0.755715487523279 -0.27195716276510884,87.89525837277026 82.7074932084195 935.4611847355413,0.2
1,26,18,0.1341467541539364,-0.26737593214805605 0.8895733109958812 0.370363922745971 -0.35744488503517796 0.2653702610592879 -0.8954394332993795 -0.8948425923424448 -0.3718036429476598 0.24701980896418535,-13.455555294884554 49.06669926162024 649.2276148143055,0.2
1,27,18,1.0,-0.40939425213828434 -0.578923003008362 -0.7051556586342587 -0.22468337802494978 0.813064403120773 -0.537069507621834 0.8842588568713534 -0.06143641400376387 -0.46293826918815617,155.3276796559443 -27.393779044570824 1081.1851287225118,0.2
1,27,18,0.9883034376877046,0.12762743901855578 -0.9897743571653119 0.0637021091295984 -0.4868656944935326 -0.11847701889266427 -0.8654045247857433 0.8641024431946109 0.07943499161138956 -0.49700809829700254,15.74809909912048 19.23336377758642 848.4069316595043,0.2
1,27,18,0.9882177011133292,0.798822357604952 -0.36846809262391034 -0.4755145693967365 -0.43558618512887437 0.19090010597591994 -0.8796714300596881 0.4149066356607716 0.9098287829347235 -0.008004338085042226,-88.21042821059893 57.541248711762535 1002.4935644049668,0.2
1,27,18,0.8546989375144868,-0.20335228168404001 -0.5887740670322221 -0.7822997811096661 0.7905827055080907 -0.5700895398928185 0.2235551436587898 -0.5776043934090205 -0.5730122289228486 0.5814036035487454,38.439344629982884 -88.6506692996316 992.6510222087319,0.2
1,27,18,0.7892231119884155,-0.011731000304043504 -0.9800541354190252 0.1983841608595126 -0.8754873618882365 -0.08578542533043265 -0.47556570521312025 0.4830986056757379 -0.17926168706375392 -0.8570186606750255,44.827817994401826 65.09848409798332 739.0780489358425,0.2
1,27,18,0.7657320383122855,-0.4779592747645062 -0.24552282704439657 -0.8433703060143358 0.6428840777833913 0.5564761249789976 -0.5263405597718627 0.5985440620365268 -0.7937586936396266 -0.10813020887951635,14.58509072462412 41.79889448994879 1207.5170249297614,0.2
1,27,18,0.4491552205847533,0.6572258704214976 -0.1905550513912492 0.7292070540237406 -0.5351823433738748 -0.7992360717361031 0.27349874035667987 0.5306920148160817 -0.5700091876672876 -0.6272603218643171,-9.220430208069054 72.8381884986073 869.5693699518645,0.2
1,27,18,0.4115586111671888,-0.3139724412729411 0.9490760470054751 0.025999290789762333 -0.9124867217446033 -0.2940768872040674 -0.28440598983170695 -0.26227712206918913 -0.11301965056054317 0.9583513290157615,-96.80959331399522 75.29951114122213 867.9798572622806,0.2
1,27,18,0.3835266144770193,-0.2674330044876331 -0.1505187113339015 -0.951747711134153 0.6013593469946463 0.7456883559339653 -0.28690732233017785 0.7528921064089396 -0.6490708692915448 -0.10890584348063312,11.268508215343534 -147.0759441242716 1084.6007994765378,0.2
1,27,18,0.1074628204840627,-0.7970211001124295 -0.12239348096974034 -0.5914196494805379 -0.5844070388297123 0.4033953002565027 0.7040885204981355 0.15240006214519589 0.9068032132425845 -0.3930421777762082,97.88287427961694 65.05511028373377 718.5429031280111,0.2
1,27,18,0.1008776160247639,-0.7069486843301019 0.14962372975431404 -0.6912570413517289 -0.22604649002843624 0.8783047096936106 0.42128828760819714 0.670169039921841 0.4540854285532965 -0.587094440022904,0.3537023564870978 -38.2924807285444 849.542433670509,0.2
1,27,18,0.0422417123388389,0.9031774528861618 0.25529113594900865 0.3451042226689349 -0.40773144567875397 0.2587418960087109 0.8756755674646466 0.13425928944686982 -0.9316002721960113 0.33778007052154424,-74.58128069212955 -67.1324462287205 594.8806825820479,0.2
1,27,18,0.0363667631203128,-0.11809223361726115 -0.9509482230707768 0.28592254440288306 0.9475021361962143 -0.1940704386228373 -0.2541188044131136 0.29714293910994577 0.24090276439109606 0.9239436843476074,35.900319438279986 14.169099933529498 782.8503414312053,0.2
1,27,18,0.0344120346485423,0.8115198594431479 -0.527075174565382 0.2522444807845087 -0.0028802766763098564 -0.43528837435523243 -0.9002864739389609 0.5843177403909984 0.7298738188947809 -0.354763282705957,77.4191747247311 -55.509289257898736 650.4967120215081,0.2
1,27,18,0.0252517888786702,0.7259195954990674 0.5613290049738161 -0.3974298542454706 -0.6876377690470387 0.6040680877195276 -0.40281018355906156 0.013965652526183675 0.5656955838381441 0.8244958865728436,-13.55726416387757 -31.621234920271583 734.655711531696,0.2
1,27,18,0.0174233885137913,0.4165901799044871 -0.8935695024465132 -0.16729066412874855 -0.891415390255094 -0.36539852620735414 -0.2680718542888305 0.1784130713358903 0.2608015746558756 -0.9487630445129649,34.315366789310254 35.77020623796015 766.7855265752801,0.2
1,27,18,0.0136801863773555,-0.28513553938244995 -0.3054814501718366 -0.9085036091188583 0.8284329241084203 0.39818065693286014 -0.3938921866420917 0.48207532029160327 -0.8649469625621145 0.1395354346405258,155.26136819069853 108.36898351706475 1039.9991514558485,0.2
1,541,18,1.0,0.49723185569855194 -0.81810955017134 -0.2888896772074452 -0.41144092635417717 0.07080627743529372 -0.9086819219047844 0.7638565610108947 0.5706866346728332 -0.30139661445743776,16.3841059492241 48.09239040635921 992.311283073953,0.2
1,541,18,0.5871280182076424,0.5311741440342368 -0.0434193762604079 -0.8461493878001998 -0.14136875516679404 0.9801442399234791 -0.13904008057900608 0.8353854821410813 0.19347358142646398 0.514489134499389,129.4701518220071 -29.223391681389497 742.0810913630077,0.2
1,541,18,0.173204279164544,-0.2199935949504822 0.9089664282597105 0.3540944089893929 -0.9741548038911851 -0.22377126613371978 -0.03080322237426275 0.05123705921000443 -0.35171928117420037 0.9347022579483877,-27.76658663203829 -95.07918829431145 726.762712404056,0.2
1,542,18,1.0,0.646213836536413 -0.6119789127976913 -0.4559489968843512 -0.020063224813561653 0.5836216590754534 -0.8117778181670745 0.7628926166106019 0.5337298655209124 0.364866120888276,-26.219925652609007 37.40992321145472 526.099817358321,0.2
1,542,18,0.1122815569621328,0.6238907414534915 -0.47994610083158123 -0.6167755532000068 0.7468192534511342 0.13360729477154454 0.6514676457495953 -0.23026364325117235 -0.8670644907274149 0.4417893429184384,43.92720505977757 -71.32961238363038 734.9425813415037,0.2
1,542,18,0.0898083140335464,-0.7783572262031734 0.3990601420191314 0.4846762130216137 0.551412209639537 0.8036386309441359 0.2238515711686626 -0.3001742885021056 0.44149286959803336 -0.8455645703412298,-67.98421947675014 211.896221953209 3174.2435201472535,0.2
1,543,18,1.0,0.729658393614345 -0.5816811137600782 -0.3595075945275259 -0.6525534910341998 -0.7494454929913353 -0.11182752064698953 -0.20438338965584169 0.316193824939402 -0.9264172359703695,-21.02421391279795 -4.244174836753773 545.3764100143726,0.2
1,543,18,0.3768089902824359,-0.07245212704878891 0.637477804547225 0.7670545860600511 -0.8852069588163888 0.31323706544776264 -0.343934849779307 -0.45952076052029084 -0.7039208688050983 0.5416050970139863,75.41653636001912 49.54057536932534 585.158175224083,0.2
1,543,18,0.370963172151992,0.7388280745715178 0.6388596727882354 -0.214456043770868 -0.5170981444667473 0.3333818875039623 -0.7883311652302871 -0.4321372296088253 0.6933360192354094 0.5766650494150007,-134.77683035045396 100.56776931897136 1285.1284106212624,0.2
1,544,18,1.0,0.6794740498592965 -0.6350718845212497 -0.36742171555099273 0.008361539224731374 0.5074496489002465 -0.8616408407757897 0.7336518930866325 0.5823903805194973 0.35010904651087704,-67.05514568741833 8.258973044170691 575.9861684561846,0.2
1,544,18,0.9899289395059698,-0.05192833539115277 0.6659491345062704 -0.7441876095675429 -0.8140725223870532 -0.4598576416982797 -0.3547067488307455 -0.5784370115041785 0.5874033534310527 0.5660105335592875,28.706553337321516 42.14790828890318 620.3688918730243,0.2
1,544,18,0.870681952550932,-0.7216515810696758 -0.019339402484328833 -0.6919862592936268 -0.43721022761668416 0.7877469942473965 0.4339376567222075 0.5367180008225965 0.6156952659926356 -0.5769342484436621,83.52837783934072 -35.938636838350554 839.9671940450808,0.2
1,544,18,0.2579237365363158,-0.1890050379250191 0.9412936932820117 0.2797200004048194 0.8567058219758188 0.29728150139587284 -0.4215196834319277 -0.4799294012995024 0.15996840911669366 -0.8625994886695536,-48.980436294062 -147.2346004471625 1050.1841796894028,0.2
1,544,18,0.1687933693994852,0.5892292619554435 0.04587339595323209 -0.8066625740662333 0.35461057753730235 0.8824070483921189 0.30920727553951555 0.7259891288126182 -0.4682450560247561 0.5036728624357965,-105.0248878569944 19.05672077783742 670.7987051837777,0.2
1,544,18,0.0267444630158948,0.17041416043833144 0.40933070760900203 -0.8963299536054857 -0.7118274760261367 0.6801352924050771 0.17526445275445904 0.6813667575515835 0.6081647439907825 0.4072775292969988,47.166934806447415 104.56587742158791 769.4061742880697,0.2
1,544,18,0.0062908318774995,-0.32924435979528877 -0.14782997596226427 -0.9326009059345732 0.20284136053643625 0.9535373895825698 -0.22275957695189103 0.922200376273355 -0.2625123708990766 -0.2839607739217298,-10.720892886036355 -123.72485907324354 980.3657209568478,0.2
1,545,18,1.0,0.859038789190166 -0.37751690105505237 -0.34573595139135205 0.0450241981721895 0.7284856964073243 -0.6835798502800439 0.5099266420237768 0.571655122908669 0.6427948663505562,9.641327382846896 5.25906477937564 479.028310697287,0.2
1,545,18,0.9536328536328535,-0.9777854379354971 0.13796434246820827 -0.15780202016641892 -0.14521433092785246 -0.9887695996261258 0.0353196396975816 -0.151156989433053 0.05745014414695381 0.986838915671159,44.55098584564662 87.39710049150094 869.0007502969804,0.2
1,545,18,0.2713132427418142,0.5966122396494629 -0.5586748216969479 -0.5761391143659105 -0.05798432977590767 0.6860193487832149 -0.7252691021927605 0.8004321663956859 0.4661114638119702 0.37689315502164755,103.78369986003231 36.46188611478283 565.7912988030577,0.2
1,545,18,0.1639872386300957,0.4191749110455246 -0.6122434590014717 -0.6704105763335553 0.3478966975498333 0.7903671543998977 -0.5042694211230025 0.8386061541533643 -0.021856535766711566 0.5442995591219804,44.20519901866332 -74.47763550915619 714.1812096380515,0.2
1,545,18,0.11859800431229,-0.176169023969326 -0.4889226563067214 -0.854353036597679 0.7456192439587676 -0.6329272127778901 0.20845883613693997 -0.6426635340767759 -0.6002980755218121 0.4760523106684371,-102.74030418966791 23.47439015586693 1290.3648487825692,0.2
1,545,18,0.1129688361831219,-0.3879232581486312 -0.8516096429389806 0.35252880994422586 -0.22173351069925124 -0.28501959575351643 -0.9325224288291875 0.8946227115495868 -0.4399145895396558 -0.07826466565328627,48.353129823837975 -27.325966637918825 307.0591386313855,0.2
1,545,18,0.0899335606478463,-0.16781663439373584 -0.3465511306919993 -0.9228975517558035 0.48852115959948816 -0.8423764336981299 0.22748411059586446 -0.8562620240582496 -0.41267936435702335 0.3106623382219872,27.626265740856937 -40.057241754923304 608.4197501989745,0.2
1,546,18,1.0,0.9309983791955303 0.2797612892382854 -0.23446884436749382 -0.04765825840514093 0.7300018855284027 0.681781444108569 0.3618987542684894 -0.6235630426578449 0.6929635080508976,-98.4034395394887 -1.4548274767533478 755.9233457388245,0.2
1,546,18,0.8200616339319172,0.5595098015932225 -0.11032253413202403 -0.8214485500527718 0.7483293254795704 0.49330688474608253 0.44345409919111856 0.3563032452117213 -0.8628309544312859 0.35856762476106574,29.409950138474102 -29.432468295224908 748.7051019776903,0.2
1,546,18,0.745250665583683,-0.6559533321405976 -0.7542103652361198 -0.029865549116761647 0.6721279314439159 -0.6016541020028496 0.43157431030596277 -0.3434665483370539 0.2630191371621909 0.9015828656645418,-6.176400398191156 45.624804721392536 649.9010890339296,0.2
1,546,18,0.2101822041463362,0.8611742405062219 0.36289058230615445 0.35593447818669083 0.3472121741383273 0.0914579736733907 -0.9333162085711858 -0.37124470853962027 0.9273326610904294 -0.04723877704042318,51.983496320260905 -56.84835985604899 490.82084273579625,0.2
1,546,18,0.076654934344118,0.7076369731481106 -0.38725578075479167 0.5910015858741641 0.6867409825259512 0.5737446784227032 -0.4463226040667447 -0.16624300632830089 0.7216993863469925 0.6719473629632777,-105.84836939557698 82.52196251525551 910.5576383612226,0.2
1,546,18,0.0646074772956015,0.8226770841043518 0.5218073514678125 0.2256535026178597 0.17606753192605362 -0.6112603647949728 0.7715963910181183 0.5405577115267433 -0.5950444137918309 -0.5947432270518991,202.40788427652964 119.38221167876988 1538.8801178035699,0.2
1,546,18,0.0285795110093525,0.9758637557438502 -0.20573120049216828 0.07324345274192298 0.15306068936409664 0.8835827912645173 0.44255381181568415 -0.1557637814027849 -0.4206615315491253 0.8937457805650607,-83.19957373557803 -56.307148435264295 547.5270265076464,0.2
1,547,18,1.0,-0.698208455285348 0.6922708074390561 -0.18238991785656672 0.3771098828605225 0.13909801477284 -0.9156636273955504 -0.6085171231912632 -0.7081051274026561 -0.3581815731289052,128.0684693696455 -83.40062645996383 712.0249438875201,0.2
1,547,18,0.9634547372339766,0.5120676508053846 0.5086338400030963 -0.6921548510285535 0.3260560093483117 -0.8606093877148816 -0.39120194343186787 -0.7946535092519934 -0.02535938841378771 -0.6065333475191372,-27.877645960180182 110.21890334052259 875.1333200957063,0.2
1,547,18,0.9588687287700752,0.7579548698475123 -0.6115409400949059 -0.22698478773318495 -0.5727957391574836 -0.4574793171481457 -0.6801600661496514 0.312104880572977 0.6455465536810687 -0.6970367210936758,25.695186570567508 -39.12312670676496 1032.4093064318572,0.2
1,547,18,0.8550322985391546,0.8293014420793655 -0.2087204356045003 -0.5183578859496132 -0.547264996010461 -0.4908788624108869 -0.6778930347627593 -0.11296079986771865 0.8458567976905199 -0.5213119368420255,-113.02361763379119 19.834385297026987 738.7704196290987,0.2
1,547,18,0.3242121598903258,0.06331199203863577 0.5313518649912716 0.8447820945275752 -0.8310025951819731 0.4968192444066985 -0.2502105617035036 -0.5526538504931684 -0.6861747838251231 0.47300939480904597,112.94199959654986 -32.26079800308749 659.9541268241467,0.2
1,547,18,0.1102487723699022,0.31962873048686646 0.22230650431221163 -0.9210957022958247 -0.3363558535616642 -0.8821620172340892 -0.329628450113589 -0.885834191269539 0.41517465419985256 -0.20719023164202155,-18.52272399894378 -140.05387769826237 1029.099481547613,0.2
1,547,18,0.0568906279084196,0.3082735024979223 0.45309562129005154 -0.8364638698864676 -0.5554737185079991 0.7995551975431417 0.2283865892048907 0.7722799982548813 0.3942281624256814 0.4981643907847195,56.58594491883878 115.91087214041636 905.6012862954076,0.2
1,547,18,0.0289795552561576,0.13518260539134053 -0.9510239584432573 -0.27799117551916364 -0.6964383800232138 -0.29076858557304774 0.6560695180196154 -0.7047689309484708 0.10491453717558247 -0.7016364399452061,-182.67943246772916 55.30553270967022 1061.69707226651,0.2
1,547,18,0.0224087581041806,-0.1810230291717738 -0.472215375144492 -0.86269537056056 0.88177056280426 0.310555751240898 -0.35501521086153476 0.4355586498754603 -0.8249653113000255 0.3601678742896401,28.49556912880805 -50.31927526118962 1126.3040730989517,0.2
1,547,18,0.0121887713948891,-0.41638441039293494 0.8692687701991066 -0.2664504230401238 0.5549275058132146 0.010839242956508066 -0.8318280916776345 -0.7201940613984907 -0.494220918182004 -0.48689444231546153,-8.907006706937212 -117.03842523235433 835.3839455779085,0.2
1,547,18,0.0116949248107342,-0.2345242150454927 -0.12841199954576443 -0.9635915892793762 0.6955789613550486 0.6702880691452211 -0.25861904972720473 0.6790937351187442 -0.7309064664744931 -0.06787809800107422,30.714887960164255 29.964550339025926 382.2072403722974,0.2
1,548,18,1.0,0.4433959507508211 0.8541541594801572 -0.271699655319107 -0.7113979624586988 0.15095668369113527 -0.6863854738108801 -0.5452641285353248 0.49762712093667155 0.6745771109672282,77.12300383675947 34.23090419293442 1203.5115683214192,0.2
1,548,18,0.9582244269755078,-0.892618536919055 0.3345659987685919 -0.30215515884469035 -0.320154747918083 0.0014195012597312262 0.9473641973400102 0.3173847585092804 0.9423712524712051 0.10584581986010366,-60.05096276885156 -127.10780837986738 919.427368728386,0.2
1,548,18,0.7673952893162246,-0.7642701441578805 -0.6447938296794133 0.011491908294460174 -0.292415077327819 0.33060509738439814 -0.8973258561608589 0.5747908918034961 -0.6891597686972218 -0.4412190430035103,-86.16821362404315 55.37869113343435 826.4886939153271,0.2
1,548,18,0.5548717581315374,-0.6955914444975244 -0.5881053631509685 0.41265557572255673 -0.6937598937201519 0.6990936009358595 -0.17310501724657257 -0.18668088334709232 -0.40669425735262144 -0.8942874419498179,41.41634755858037 -63.498078491643604 589.478344043223,0.2
1,548,18,0.1127606958807456,-0.6110343731123835 0.5035330034925708 -0.6108121718408264 -0.5751292203264903 -0.8125828722187919 -0.09452753939092037 -0.5439332448028893 0.29353635238315745 0.7861126096354075,100.37199207225832 -42.79560628746151 812.8638896866023,0.2
1,548,18,0.0451133264324994,0.9140778811792605 -0.23383108813818201 0.33133766667698206 -0.4025335989284746 -0.4238665237297124 0.8113592741782021 -0.04927807699700812 -0.8750201096440029 -0.4815718833632982,14.773720161833957 83.18416969970244 639.3153234202385,0.2
1,548,18,0.036713589042991,0.4949657309823116 0.47433276494277105 -0.7280229070948881 -0.20042675908273394 0.8775861645317187 0.43551307450649435 0.8454809515280269 -0.06964877546844209 0.529444056231637,-104.68735463675912 211.82778060181386 1477.0098346378304,0.2
1,548,18,0.0177779798755873,0.07115821136623193 -0.9765553945532389 -0.2031651306797666 0.22778682235423553 0.21420870664585587 -0.9498567226476158 0.9711074464326379 0.021311765907068236 0.23768915860216214,41.741876416837705 74.22677678905714 557.2868814765566,0.2
1,548,18,0.0084949429569496,-0.21412796941811862 -0.10358054258502841 0.9712982466321375 -0.10695373878752781 0.9908694544411226 0.08208911020910226 -0.9709325983157856 -0.08630640447466215 -0.22325119053302603,94.31291974479173 49.68874642706716 529.2282592115955,0.2
1,548,18,0.0071001180882549,-0.11104809721690517 0.7659400577762226 0.6332488831401613 0.24766517031245605 0.6384152467967994 -0.728757803437798 -0.9624605360837435 0.07590652508934165 -0.26059147324932597,27.76416159844699 -111.35750910463084 1241.8927620881796,0.2
1,548,18,0.0068790422993117,0.07521049039771197 -0.29027060148389733 -0.9539844653076444 -0.35582417118541326 0.8859002223838862 -0.29760704827069306 0.9315216268741964 0.36183390373810653 -0.036656306023564976,-76.81977146490645 -4.994626034893997 497.8857969920087,0.2
1,549,18,1.0,-0.1305578784161303 0.009930187338122898 -0.9913909580800648 -0.9275660495241955 -0.35433661421786183 0.11860348896512196 -0.35010836058791367 0.9350652144123703 0.05547234123769662,12.879383805367066 -78.14548322736202 796.8445493792531,0.2
1,549,18,0.8574668215962159,0.49252007019881605 -0.09780868487315464 0.864787512406798 0.6740705371606034 -0.5856637586854022 -0.4501409475869782 0.5505023990714023 0.8046312341227322 -0.22252120278921694,-319.60240619119196 -132.3432950245087 1668.9331676163158,0.2
1,549,18,0.7786717500416424,0.09242441464752921 0.9955343797722159 -0.019210056444766588 -0.9176564325703015 0.09265080374142018 0.3864226964457662 0.38647690660556877 -0.018086659658941184 0.9221217237452831,62.744946731142306 -12.388570215504352 468.0486897791569,0.2
1,549,18,0.3061173089620322,0.36476652971206147 -0.9276407492691071 0.08017492810891338 0.9073624609471217 0.33482832279913166 -0.2541325613051263 0.20889888287351618 0.16544677254927082 0.9638405584883979,-129.21353042560963 -91.36461394169433 755.4263117110119,0.2
1,549,18,0.24498736681979,0.823684748625046 0.22452391185799356 -0.5207038005300891 -0.4798913175317664 -0.213161384546987 -0.8510385111706972 -0.30207243872971956 0.9508686750240517 -0.06783070556823301,-131.4118748510957 142.774328739834 1172.043762901642,0.2
1,549,18,0.087948890557927,0.3207819895130323 -0.8631383280739806 -0.3899886431855606 0.41292467012345707 0.49800310120393376 -0.7625523772139844 0.8524037376780413 0.08357713683130186 0.5161615349787185,-99.29525108081326 78.08435053336785 884.940103189252,0.2
1,549,18,0.0165036751867884,0.4909184823604967 -0.8686271060082342 0.06697756627876436 0.8003445812705332 0.41928363035597666 -0.4285438000326309 0.3441621636783473 0.2639852041749164 0.901035080931351,229.11542228232432 130.39589297917382 1540.6585214798488,0.2
1,549,18,0.0080209782034995,0.5302792970257039 0.7958494293192497 0.29227992233157185 -0.7693406852262292 0.596554549534438 -0.22855541884934488 -0.3562566170635446 -0.10366462888559469 0.9286198724539825,-65.39654639154044 -28.497105458414893 395.7286477581379,0.2
1,549,18,0.0056955513789883,0.6360858451234118 -0.1786151607595466 -0.750660657008529 -0.006705915420457384 0.9715229905437488 -0.23685039485570752 0.7715891577335756 0.15569105045497067 0.6167742443359799,133.36334439670833 34.93724534631026 694.5318444875367,0.2
1,549,18,0.0053510555328111,-0.9395520230830041 0.17266304376159114 -0.2956847463763002 0.3416390576669973 0.414947994545912 -0.8432679977911717 -0.02290742667870399 -0.8933116114443538 -0.44885366731447274,-16.195256372489403 123.43072975306532 1146.3689175001869,0.2
1,549,18,0.004883194665617,-0.24523158896693556 -0.37922556017505243 -0.8922160289317098 0.9687789038190455 -0.0612533134964674 -0.2402404360237297 0.0364541258010706 -0.9232746103384523 0.3824069698847793,-222.73146258037838 110.62244586262162 1293.509300997646,0.2
1,550,18,1.0,-0.9131049604347833 0.1947772706766583 -0.35819149355776825 0.3786978349306096 0.7306951902599566 -0.5680426821549901 0.151086998276694 -0.6543289339152886 -0.7409631334911476,52.903817207852754 -82.45492453796446 980.6566411480911,0.2
1,550,18,0.8533912784527916,0.43411328944755456 -0.8866231303688044 -0.1595151297527781 -0.2788644104770772 0.03611470679895867 -0.9596511702291084 0.8566097667516379 0.46108041885103646 -0.23156976239970756,8.416791392139672 42.11292176267448 741.1010725020262,0.2
1,550,18,0.5324666464486205,0.1470187294485653 -0.07129809062727582 0.9865607307531727 -0.781010145670793 0.6036709491802836 0.16001417898130826 -0.6069667581924205 -0.7940390213262067 0.03306640380663668,105.21596606048462 -27.80811883059289 635.0968083924058,0.2
1,550,18,0.1662085859966625,-0.9208928288535266 -0.1297801891715981 0.3675778832638515 0.14162074489410656 0.7671374970458715 0.6256545574371161 -0.363180344156712 0.6282174489177926 -0.6880718527112069,5.379478274720839 152.6435043784783 1744.261151323648,0.2
1,550,18,0.1172632359729835,-0.1978334808280834 0.9576257949579705 -0.2093197331704764 -0.8472066531985669 -0.05963149003939747 0.5279062153183692 0.49305456152390237 0.281774594714989 0.8231040500044182,-30.342923786826013 -113.43256707746039 799.3128519944129,0.2
1,551,18,1.0,0.6574396310078467 -0.6834045823976066 -0.317381959692449 0.06212153606951787 0.4689311594460669 -0.8810473781000265 0.7509421058487997 0.5595192083016636 0.35074807084979065,-34.99671398791158 34.43424106427808 758.3553922401676,0.2
1,551,18,0.9195673965132216,0.1728877915257012 -0.05306333100101726 -0.9835111053996504 -0.1903408846127953 0.9779244581689726 -0.0862212372895442 0.9663747509047327 0.20210897312588036 0.15897107848856643,43.87043122286347 44.734993649593314 767.9647884436141,0.2
1,551,18,0.2973593420350109,0.7169534858777844 -0.6967984762167151 -0.02120336364254577 -0.534682121844304 -0.5301223463473326 -0.6580921869185743 0.447317256170346 0.48315854690283894 -0.752638751916861,32.90072837941454 -70.86263192628738 670.8110165324747,0.2
